 1.0 9.494436379519307e-2
 2.0 0.10004122136582803
 3.0 0.10437018341299578
 4.0 0.10800777343500297
 5.0 0.11103994163743186
 6.0 0.11355224266947103
 7.0 0.1156243609926316
 8.0 0.11732754090527525
 9.0 0.11872379764206223
 10.0 0.11986613561606077
 11.0 0.12079927970113222
 12.0 0.12156062166890803
 13.0 0.1221812117350769
 14.0 0.12268670453880048
 15.0 0.12309821632775558
 16.0 0.12343307745881002
 17.0 0.1237054793693353
 18.0 0.12392702288832194
 19.0 0.12410717820604794
 20.0 0.12425366786598936
 21.0 0.12437278389364304
 22.0 0.1244696492864327
 23.0 0.12454843293214847
 24.0 0.12461252580953262
 25.0 0.12466468516423534
 26.0 0.12470715229936549
 27.0 0.12474174869220124
 28.0 0.12476995434904738
 29.0 0.12479297163097149
 30.0 0.12481177721211524
 31.0 0.1248271643559104
 32.0 0.1248397772994365
 33.0 0.1248501392099215
 34.0 0.12485867490894113
 35.0 0.12486572933956026
 36.0 0.12487158257124148
 37.0 0.12487646198983997
 38.0 0.1248805521995693
 39.0 0.12488400306559418
 40.0 0.12488693624585981
 41.0 0.1248894504955811
 42.0 0.12489162597476068
 43.0 0.12489352774594288
 44.0 0.12489520861431087
 45.0 0.12489671143369742
 46.0 0.12489807097888665
 47.0 0.12489931546573503
 48.0 0.12490046778532685
 49.0 0.12490154650593668
 50.0 0.12490256668646721
 51.0 0.12490354053682162
 52.0 0.12490447795400272
 53.0 0.12490538695731848
 54.0 0.12490627404167509
 55.0 0.12490714446437082
 56.0 0.12490800247790289
 57.0 0.12490885151894675
 58.0 0.1249096943617565
 59.0 0.1249105332426813
 60.0 0.12491136996123509
 61.0 0.12491220596213247
 62.0 0.12491304240187343
 63.0 0.1249138802027861
 64.0 0.12491472009688734
 65.0 0.12491556266147971
 66.0 0.12491640834803926
 67.0 0.12491725750565764
 68.0 0.12491811040006469
 69.0 0.1249189672290623
 70.0 0.12491982813504635
 71.0 0.12492069321516441
 72.0 0.12492156252955512
 73.0 0.12492243610802944
 74.0 0.12492331395548795
 75.0 0.12492419605631226
 76.0 0.12492508237792284
 77.0 0.1249259728736615
 78.0 0.12492686748512416
 79.0 0.124927766144049
 80.0 0.12492866877384232
 81.0 0.12492957529081102
 82.0 0.12493048560515643
 83.0 0.12493139962177521
 84.0 0.1249323172409023
 85.0 0.1249332383586269
 86.0 0.12493416286730397
 87.0 0.12493509065588242
 88.0 0.12493602161016398
 89.0 0.12493695561300694
 90.0 0.12493789254448413
 91.0 0.12493883228200459
 92.0 0.1249397747004047
 93.0 0.12494071967201506
 94.0 0.12494166706670735
 95.0 0.12494261675192495
 96.0 0.12494356859269985
 97.0 0.12494452245165907
 98.0 0.1249454781890215
 99.0 0.12494643566258792
 100.0 0.12494739472772402
 101.0 0.12494835523733909
 102.0 0.12494931704185963
 103.0 0.12495027998920008
 104.0 0.12495124392472977
 105.0 0.12495220869123755
 106.0 0.12495317412889427
 107.0 0.12495414007521279
 108.0 0.12495510636500638
 109.0 0.12495607283034589
 110.0 0.12495703930051487
 111.0 0.12495800560196364
 112.0 0.12495897155826227
 113.0 0.12495993699005176
 114.0 0.12496090171499488
 115.0 0.12496186554772534
 116.0 0.12496282829979614
 117.0 0.12496378977962673
 118.0 0.1249647497924493
 119.0 0.12496570814025393
 120.0 0.12496666462173267
 121.0 0.12496761903222303
 122.0 0.12496857116364966
 123.0 0.12496952080446566
 124.0 0.12497046773959256
 125.0 0.12497141175035952
 126.0 0.1249723526144408
 127.0 0.124973290105793
 128.0 0.1249742239945906
 129.0 0.12497515404716071
 130.0 0.12497608002591626
 131.0 0.12497700168928867
 132.0 0.12497791879165876
 133.0 0.12497883108328695
 134.0 0.12497973831024166
 135.0 0.12498064021432696
 136.0 0.12498153653300904
 137.0 0.12498242699934085
 138.0 0.1249833113418858
 139.0 0.12498418928464018
 140.0 0.12498506054695413
 141.0 0.12498592484345117
 142.0 0.12498678188394632
 143.0 0.12498763137336286
 144.0 0.1249884730116477
 145.0 0.12498930649368512
 146.0 0.1249901315092089
 147.0 0.12499094774271328
 148.0 0.12499175487336203
 149.0 0.12499255257489587
 150.0 0.12499334051553856
 151.0 0.12499411835790099
 152.0 0.12499488575888384
 153.0 0.12499564236957837
 154.0 0.12499638783516548
 155.0 0.12499712179481288
 156.0 0.12499784388157058
 157.0 0.12499855372226462
 158.0 0.12499925093738821
 159.0 0.12499993514099209
 160.0 0.1250006059405718
 161.0 0.12500126293695357
 162.0 0.12500190572417802
 163.0 0.12500253388938154
 164.0 0.12500314701267604
 165.0 0.12500374466702588
 166.0 0.12500432641812317
 167.0 0.12500489182426044
 168.0 0.12500544043620107
 169.0 0.12500597179704753
 170.0 0.12500648544210705
 171.0 0.1250069808987547
 172.0 0.1250074576862948
 173.0 0.1250079153158185
 174.0 0.12500835329005966
 175.0 0.12500877110324835
 176.0 0.12500916824096034
 177.0 0.12500954417996546
 178.0 0.12500989838807197
 179.0 0.12501023032396877
 180.0 0.1250105394370641
 181.0 0.12501082516732218
 182.0 0.1250110869450956
 183.0 0.12501132419095587
 184.0 0.12501153631551987
 185.0 0.12501172271927355
 186.0 0.1250118827923926
 187.0 0.12501201591455902
 188.0 0.1250121214547751
 189.0 0.12501219877117334
 190.0 0.1250122472108232
 191.0 0.12501226610953411
 192.0 0.12501225479165493
 193.0 0.1250122125698693
 194.0 0.12501213874498757
 195.0 0.12501203260573474
 196.0 0.1250118934285342
 197.0 0.12501172047728787
 198.0 0.1250115130031515
 199.0 0.12501127024430653
 200.0 0.1250109914257271
 201.0 0.12501067575894312
 202.0 0.12501032244179816
 203.0 0.12500993065820365
 204.0 0.1250094995778879
 205.0 0.1250090283561403
 206.0 0.1250085161335511
 207.0 0.12500796203574602
 208.0 0.12500736517311564
 209.0 0.12500672464054002
 210.0 0.1250060395171079
 211.0 0.12500530886583028
 212.0 0.12500453173334958
 213.0 0.12500370714964143
 214.0 0.12500283412771301
 215.0 0.1250019116632937
 216.0 0.12500093873452103
 217.0 0.12499991430161997
 218.0 0.12499883730657652
 219.0 0.12499770667280462
 220.0 0.1249965213048076
 221.0 0.12499528008783158
 222.0 0.12499398188751369
 223.0 0.12499262554952303
 224.0 0.12499120989919439
 225.0 0.12498973374115543
 226.0 0.12498819585894641
 227.0 0.12498659501463286
 228.0 0.12498492994841053
 229.0 0.12498319937820301
 230.0 0.12498140199925119
 231.0 0.12497953648369542
 232.0 0.12497760148014912
 233.0 0.12497559561326438
 234.0 0.12497351748328905
 235.0 0.12497136566561574
 236.0 0.12496913871032143
 237.0 0.1249668351416988
 238.0 0.12496445345777828
 239.0 0.1249619921298408
 240.0 0.12495944960192126
 241.0 0.12495682429030264
 242.0 0.12495411458299983
 243.0 0.1249513188392341
 244.0 0.12494843538889688
 245.0 0.12494546253200371
 246.0 0.1249423985381376
 247.0 0.12493924164588105
 248.0 0.12493599006223796
 249.0 0.12493264196204412
 250.0 0.12492919548736617
 251.0 0.12492564874688915
 252.0 0.12492199981529248
 253.0 0.12491824673261356
 254.0 0.12491438750359961
 255.0 0.12491042009704673
 256.0 0.12490634244512648
 257.0 0.12490215244269948
 258.0 0.1248978479466163
 259.0 0.12489342677500413
 260.0 0.12488888670654094
 261.0 0.12488422547971492
 262.0 0.12487944079207043
 263.0 0.12487453029943925
 264.0 0.12486949161515772
 265.0 0.1248643223092683
 266.0 0.12485901990770706
 267.0 0.12485358189147511
 268.0 0.12484800569579439
 269.0 0.12484228870924848
 270.0 0.12483642827290634
 271.0 0.12483042167942993
 272.0 0.12482426617216583
 273.0 0.12481795894421915
 274.0 0.12481149713751052
 275.0 0.12480487784181596
 276.0 0.12479809809378874
 277.0 0.12479115487596341
 278.0 0.12478404511574154
 279.0 0.12477676568435876
 280.0 0.12476931339583372
 281.0 0.12476168500589695
 282.0 0.12475387721090156
 283.0 0.12474588664671346
 284.0 0.12473770988758225
 285.0 0.12472934344499187
 286.0 0.12472078376649103
 287.0 0.12471202723450271
 288.0 0.12470307016511352
 289.0 0.12469390880684107
 290.0 0.12468453933938073
 291.0 0.1246749578723306
 292.0 0.12466516044389464
 293.0 0.12465514301956364
 294.0 0.12464490149077484
 295.0 0.12463443167354774
 296.0 0.12462372930709867
 297.0 0.12461279005243185
 298.0 0.12460160949090748
 299.0 0.1245901831227872
 300.0 0.12457850636575593
 301.0 0.12456657455342027
 302.0 0.12455438293378394
 303.0 0.1245419266676991
 304.0 0.12452920082729418
 305.0 0.12451620039437843
 306.0 0.12450292025882186
 307.0 0.12448935521691257
 308.0 0.12447549996968924
 309.0 0.12446134912125081
 310.0 0.12444689717704221
 311.0 0.12443213854211638
 312.0 0.12441706751937325
 313.0 0.12440167830777557
 314.0 0.12438596500054143
 315.0 0.12436992158331409
 316.0 0.12435354193230982
 317.0 0.12433681981244278
 318.0 0.12431974887542901
 319.0 0.12430232265786839
 320.0 0.12428453457930637
 321.0 0.12426637794027463
 322.0 0.12424784592031295
 323.0 0.12422893157597127
 324.0 0.12420962783879355
 325.0 0.12418992751328436
 326.0 0.12416982327485857
 327.0 0.1241493076677752
 328.0 0.12412837310305677
 329.0 0.12410701185639472
 330.0 0.12408521606604273
 331.0 0.12406297773069841
 332.0 0.12404028870737574
 333.0 0.12401714070926884
 334.0 0.12399352530360926
 335.0 0.12396943390951817
 336.0 0.12394485779585539
 337.0 0.1239197880790672
 338.0 0.1238942157210353
 339.0 0.12386813152692841
 340.0 0.12384152614305974
 341.0 0.12381439005475213
 342.0 0.12378671358421389
 343.0 0.12375848688842843
 344.0 0.12372969995705968
 345.0 0.12370034261037785
 346.0 0.12367040449720755
 347.0 0.12363987509290268
 348.0 0.1236087436973519
 349.0 0.12357699943301748
 350.0 0.1235446312430133
 351.0 0.12351162788922512
 352.0 0.12347797795047814
 353.0 0.12344366982075708
 354.0 0.12340869170748295
 355.0 0.12337303162985262
 356.0 0.12333667741724698
 357.0 0.12329961670771195
 358.0 0.1232618369465209
 359.0 0.12322332538482243
 360.0 0.12318406907838206
 361.0 0.12314405488642416
 362.0 0.12310326947058045
 363.0 0.12306169929395477
 364.0 0.12301933062031
 365.0 0.12297614951338615
 366.0 0.12293214183635917
 367.0 0.12288729325144696
 368.0 0.1228415892196745
 369.0 0.12279501500080565
 370.0 0.12274755565345272
 371.0 0.12269919603537317
 372.0 0.12264992080396488
 373.0 0.12259971441697025
 374.0 0.12254856113340049
 375.0 0.12249644501469246
 376.0 0.1224433499261086
 377.0 0.12238925953839332
 378.0 0.12233415732969859
 379.0 0.12227802658779029
 380.0 0.12222085041255011
 381.0 0.12216261171878519
 382.0 0.12210329323936034
 383.0 0.12204287752866623
 384.0 0.12198134696643716
 385.0 0.12191868376193506
 386.0 0.12185486995851146
 387.0 0.12178988743856464
 388.0 0.12172371792890552
 389.0 0.12165634300654779
 390.0 0.12158774410493735
 391.0 0.12151790252063607
 392.0 0.12144679942047491
 393.0 0.12137441584919118
 394.0 0.12130073273756535
 395.0 0.12122573091107126
 396.0 0.12114939109905472
 397.0 0.12107169394445402
 398.0 0.12099262001407697
 399.0 0.1209121498094459
 400.0 0.12083026377822528
 401.0 0.12074694232624265
 402.0 0.12066216583011428
 403.0 0.12057591465048674
 404.0 0.12048816914590293
 405.0 0.12039890968730248
 406.0 0.12030811667316196
 407.0 0.12021577054528332
 408.0 0.12012185180523435
 409.0 0.12002634103144384
 410.0 0.11992921889695533
 411.0 0.11983046618783771
 412.0 0.1197300638222523
 413.0 0.11962799287017188
 414.0 0.11952423457374733
 415.0 0.11941877036831305
 416.0 0.11931158190402127
 417.0 0.11920265106809375
 418.0 0.11909196000767419
 419.0 0.11897949115326546
 420.0 0.11886522724273023
 421.0 0.11874915134583161
 422.0 0.11863124688928901
 423.0 0.11851149768231779
 424.0 0.11838988794262273
 425.0 0.11826640232280772
 426.0 0.11814102593716484
 427.0 0.1180137443887988
 428.0 0.1178845437970437
 429.0 0.11775341082512124
 430.0 0.11762033270799012
 431.0 0.1174852972803309
 432.0 0.11734829300460721
 433.0 0.11720930899914357
 434.0 0.11706833506615334
 435.0 0.11692536171964979
 436.0 0.11678038021317151
 437.0 0.1166333825672465
 438.0 0.11648436159652215
 439.0 0.11633331093648218
 440.0 0.11618022506967146
 441.0 0.11602509935134732
 442.0 0.11586793003447547
 443.0 0.11570871429398666
 444.0 0.11554745025020943
 445.0 0.11538413699139577
 446.0 0.11521877459525393
 447.0 0.11505136414940595
 448.0 0.11488190777068631
 449.0 0.11471040862320124
 450.0 0.11453687093506845
 451.0 0.11436130001376192
 452.0 0.11418370225998678
 453.0 0.11400408518001458
 454.0 0.1138224573964124
 455.0 0.11363882865710491
 456.0 0.11345320984271086
 457.0 0.11326561297210488
 458.0 0.11307605120615774
 459.0 0.11288453884961704
 460.0 0.1126910913510963
 461.0 0.11249572530114692
 462.0 0.11229845842839734
 463.0 0.11209930959374889
 464.0 0.11189829878262755
 465.0 0.1116954470952997
 466.0 0.11149077673526667
 467.0 0.11128431099576351
 468.0 0.11107607424439488
 469.0 0.11086609190594984
 470.0 0.11065439044344696
 471.0 0.1104409973374673
 472.0 0.11022594106384379
 473.0 0.11000925106978149
 474.0 0.10979095774849176
 475.0 0.10957109241242977
 476.0 0.10934968726523224
 477.0 0.10912677537245774
 478.0 0.1089023906312382
 479.0 0.10867656773895336
 480.0 0.1084493421610464
 481.0 0.10822075009810077
 482.0 0.10799082845230018
 483.0 0.10775961479339834
 484.0 0.10752714732432199
 485.0 0.10729346484653418
 486.0 0.10705860672528211
 487.0 0.10682261285485287
 488.0 0.10658552362395683
 489.0 0.10634737988135756
 490.0 0.10610822290185927
 491.0 0.10586809435276198
 492.0 0.10562703626088486
 493.0 0.10538509098025577
 494.0 0.1051423011605545
 495.0 0.1048987097163928
 496.0 0.10465435979750379
 497.0 0.10440929475990635
 498.0 0.10416355813810152
 499.0 0.10391719361834766
 500.0 0.10367024501305236
 501.0 0.10342275623631166
 502.0 0.10317477128061393
 503.0 0.10292633419472087
 504.0 0.10267748906272518
 505.0 0.10242827998427823
 506.0 0.10217875105597085
 507.0 0.1019289463538426
 508.0 0.10167890991698726
 509.0 0.10142868573221356
 510.0 0.10117831771971512
 511.0 0.10092784971969603
 512.0 0.10067732547989199
 513.0 0.1004267886439237
 514.0 0.10017628274041313
 515.0 9.992585117278915e-2
 516.0 9.967553720970755e-2
 517.0 9.942538397600578e-2
 518.0 9.917543444411149e-2
 519.0 9.89257314258241e-2
 520.0 9.867631756438486e-2
 521.0 9.842723532675385e-2
 522.0 9.817852699601083e-2
 523.0 9.793023466379878e-2
 524.0 9.76824002227292e-2
 525.0 9.743506535867255e-2
 526.0 9.718827154285738e-2
 527.0 9.694206002370481e-2
 528.0 9.669647181832891e-2
 529.0 9.645154770363751e-2
 530.0 9.620732820696913e-2
 531.0 9.596385359620797e-2
 532.0 9.572116386932326e-2
 533.0 9.547929874328066e-2
 534.0 9.523829764228162e-2
 535.0 9.499819968528816e-2
 536.0 9.47590436727967e-2
 537.0 9.452086807282829e-2
 538.0 9.428371100610851e-2
 539.0 9.404761023041329e-2
 540.0 9.38126031240626e-2
 541.0 9.357872666854886e-2
 542.0 9.334601743029071e-2
 543.0 9.311451154150684e-2
 544.0 9.288424468021218e-2
 545.0 9.26552520493377e-2
 546.0 9.242756835498499e-2
 547.0 9.220122778382815e-2
 548.0 9.197626397967905e-2
 549.0 9.175271001923907e-2
 550.0 9.153059838706165e-2
 551.0 9.130996094975566e-2
 552.0 9.109082892946256e-2
 553.0 9.087323287664553e-2
 554.0 9.06572026422304e-2
 555.0 9.044276734914493e-2
 556.0 9.022995536330322e-2
 557.0 9.001879426408886e-2
 558.0 8.980931081439113e-2
 559.0 8.960153093025519e-2
 560.0 8.939547965020732e-2
 561.0 8.919118110432149e-2
 562.0 8.89886584830968e-2
 563.0 8.878793400621787e-2
 564.0 8.858902889127328e-2
 565.0 8.839196332251079e-2
 566.0 8.819675641970973e-2
 567.0 8.800342620725572e-2
 568.0 8.781198958350252e-2
 569.0 8.76224622905111e-2
 570.0 8.743485888425645e-2
 571.0 8.724919270539513e-2
 572.0 8.706547585069017e-2
 573.0 8.6883719145187e-2
 574.0 8.670393211524302e-2
 575.0 8.652612296250575e-2
 576.0 8.635029853894399e-2
 577.0 8.617646432303108e-2
 578.0 8.600462439718173e-2
 579.0 8.58347814265462e-2
 580.0 8.566693663926137e-2
 581.0 8.550108980826089e-2
 582.0 8.533723923474468e-2
 583.0 8.517538173340637e-2
 584.0 8.501551261951588e-2
 585.0 8.485762569795384e-2
 586.0 8.470171325428902e-2
 587.0 8.45477660479896e-2
 588.0 8.439577330785618e-2
 589.0 8.424572272975689e-2
 590.0 8.409760047674783e-2
 591.0 8.395139118164759e-2
 592.0 8.380707795214093e-2
 593.0 8.366464237847089e-2
 594.0 8.35240645437798e-2
 595.0 8.338532303714943e-2
 596.0 8.324839496938463e-2
 597.0 8.311325599157941e-2
 598.0 8.297988031649249e-2
 599.0 8.284824074275624e-2
 600.0 8.271830868193093e-2
 601.0 8.259005418840792e-2
 602.0 8.246344599215928e-2
 603.0 8.233845153431656e-2
 604.0 8.221503700555698e-2
 605.0 8.209316738726283e-2
 606.0 8.197280649540904e-2
 607.0 8.185391702712592e-2
 608.0 8.173646060987193e-2
 609.0 8.162039785314297e-2
 610.0 8.150568840263049e-2
 611.0 8.139229099673562e-2
 612.0 8.128016352533234e-2
 613.0 8.116926309066377e-2
 614.0 8.105954607024772e-2
 615.0 8.095096818165436e-2
 616.0 8.084348454901408e-2
 617.0 8.073704977110233e-2
 618.0 8.063161799083854e-2
 619.0 8.052714296603433e-2
 620.0 8.042357814121019e-2
 621.0 8.032087672030286e-2
 622.0 8.021899174007194e-2
 623.0 8.011787614401365e-2
 624.0 8.001748285658342e-2
 625.0 7.991776485752744e-2
 626.0 7.981867525611597e-2
 627.0 7.972016736507657e-2
 628.0 7.962219477401636e-2
 629.0 7.95247114221305e-2
 630.0 7.942767166998667e-2
 631.0 7.933103037018532e-2
 632.0 7.923474293669143e-2
 633.0 7.913876541264189e-2
 634.0 7.904305453643463e-2
 635.0 7.89475678059124e-2
 636.0 7.885226354045993e-2
 637.0 7.87571009408403e-2
 638.0 7.866204014660608e-2
 639.0 7.856704229092643e-2
 640.0 7.847206955268493e-2
 641.0 7.837708520570966e-2
 642.0 7.828205366500962e-2
 643.0 7.81869405299042e-2
 644.0 7.809171262394035e-2
 645.0 7.799633803150946e-2
 646.0 7.790078613108566e-2
 647.0 7.780502762502042e-2
 648.0 7.770903456584204e-2
 649.0 7.761278037902385e-2
 650.0 7.751623988219347e-2
 651.0 7.741938930077577e-2
 652.0 7.732220628006885e-2
 653.0 7.722466989377054e-2
 654.0 7.712676064898306e-2
 655.0 7.702846048773739e-2
 656.0 7.692975278509179e-2
 657.0 7.6830622343869e-2
 658.0 7.673105538610972e-2
 659.0 7.66310395413315e-2
 660.0 7.65305638316892e-2
 661.0 7.642961865414817e-2
 662.0 7.632819575978486e-2
 663.0 7.622628823034298e-2
 664.0 7.61238904521762e-2
 665.0 7.602099808771988e-2
 666.0 7.591760804463721e-2
 667.0 7.581371844279056e-2
 668.0 7.570932857919675e-2
 669.0 7.560443889112446e-2
 670.0 7.549905091749652e-2
 671.0 7.539316725876354e-2
 672.0 7.528679153541379e-2
 673.0 7.517992834528701e-2
 674.0 7.507258321985842e-2
 675.0 7.496476257965977e-2
 676.0 7.485647368899813e-2
 677.0 7.474772461013951e-2
 678.0 7.463852415711028e-2
 679.0 7.452888184927459e-2
 680.0 7.441880786483926e-2
 681.0 7.430831299442965e-2
 682.0 7.419740859487885e-2
 683.0 7.408610654336614e-2
 684.0 7.397441919203192e-2
 685.0 7.386235932319393e-2
 686.0 7.374994010527858e-2
 687.0 7.363717504957813e-2
 688.0 7.352407796793509e-2
 689.0 7.341066293144595e-2
 690.0 7.329694423027476e-2
 691.0 7.318293633465274e-2
 692.0 7.306865385713593e-2
 693.0 7.295411151618515e-2
 694.0 7.28393241011251e-2
 695.0 7.27243064385279e-2
 696.0 7.260907336006756e-2
 697.0 7.249363967187217e-2
 698.0 7.237802012540745e-2
 699.0 7.22622293899062e-2
 700.0 7.214628202635873e-2
 701.0 7.203019246306988e-2
 702.0 7.191397497278405e-2
 703.0 7.179764365137123e-2
 704.0 7.168121239806277e-2
 705.0 7.156469489722153e-2
 706.0 7.144810460162429e-2
 707.0 7.133145471722935e-2
 708.0 7.121475818939992e-2
 709.0 7.109802769054943e-2
 710.0 7.098127560917014e-2
 711.0 7.086451404020296e-2
 712.0 7.074775477670746e-2
 713.0 7.063100930278289e-2
 714.0 7.051428878769332e-2
 715.0 7.039760408114465e-2
 716.0 7.028096570966474e-2
 717.0 7.016438387403015e-2
 718.0 7.004786844768747e-2
 719.0 6.993142897611336e-2
 720.0 6.981507467706125e-2
 721.0 6.969881444163503e-2
 722.0 6.958265683614007e-2
 723.0 6.946661010465165e-2
 724.0 6.935068217225365e-2
 725.0 6.923488064888819e-2
 726.0 6.91192128337687e-2
 727.0 6.900368572030328e-2
 728.0 6.888830600148095e-2
 729.0 6.877308007567051e-2
 730.0 6.8658014052788e-2
 731.0 6.85431137607866e-2
 732.0 6.842838475242619e-2
 733.0 6.83138323122836e-2
 734.0 6.819946146396016e-2
 735.0 6.808527697745453e-2
 736.0 6.797128337666113e-2
 737.0 6.785748494696368e-2
 738.0 6.774388574289261e-2
 739.0 6.763048959581494e-2
 740.0 6.751730012163183e-2
 741.0 6.740432072845766e-2
 742.0 6.729155462425741e-2
 743.0 6.717900482441984e-2
 744.0 6.706667415924993e-2
 745.0 6.695456528135922e-2
 746.0 6.68426806729405e-2
 747.0 6.673102265291207e-2
 748.0 6.661959338391828e-2
 749.0 6.650839487917588e-2
 750.0 6.639742900915546e-2
 751.0 6.628669750809248e-2
 752.0 6.61762019803167e-2
 753.0 6.606594390639896e-2
 754.0 6.595592464910699e-2
 755.0 6.584614545916885e-2
 756.0 6.573660748084267e-2
 757.0 6.5627311757288e-2
 758.0 6.551825923574214e-2
 759.0 6.540945077249771e-2
 760.0 6.530088713768696e-2
 761.0 6.519256901987089e-2
 762.0 6.508449703043717e-2
 763.0 6.497667170780855e-2
 764.0 6.486909352146776e-2
 765.0 6.476176287579916e-2
 766.0 6.465468011375293e-2
 767.0 6.45478455203383e-2
 768.0 6.444125932594517e-2
 769.0 6.433492170950458e-2
 770.0 6.422883280149129e-2
 771.0 6.412299268677062e-2
 772.0 6.401740140730035e-2
 773.0 6.391205896468935e-2
 774.0 6.380696532261804e-2
 775.0 6.370212040912948e-2
 776.0 6.359752411879314e-2
 777.0 6.349317631474868e-2
 778.0 6.338907683063415e-2
 779.0 6.32852254724039e-2
 780.0 6.318162202004254e-2
 781.0 6.307826622917799e-2
 782.0 6.297515783260146e-2
 783.0 6.287229654169378e-2
 784.0 6.27696820477708e-2
 785.0 6.26673140233454e-2
 786.0 6.256519212331138e-2
 787.0 6.2463315986058754e-2
 788.0 6.2361685234518176e-2
 789.0 6.226029947714103e-2
 790.0 6.215915830881909e-2
 791.0 6.205826131174817e-2
 792.0 6.1957608056235465e-2
 793.0 6.18571981014583e-2
 794.0 6.17570309961746e-2
 795.0 6.165710627938941e-2
 796.0 6.1557423480978264e-2
 797.0 6.145798212227269e-2
 798.0 6.1358781716608496e-2
 799.0 6.125982176983946e-2
 800.0 6.116110178081911e-2
 801.0 6.106262124185275e-2
 802.0 6.096437963912087e-2
 803.0 6.0866376453076104e-2
 804.0 6.0768611158816994e-2
 805.0 6.06710832264366e-2
 806.0 6.057379212135266e-2
 807.0 6.0476737304614926e-2
 808.0 6.037991823319602e-2
 809.0 6.02833343602633e-2
 810.0 6.0186985135436806e-2
 811.0 6.009087000502871e-2
 812.0 5.9994988412272264e-2
 813.0 5.9899339797535596e-2
 814.0 5.9803923598523316e-2
 815.0 5.97087392504672e-2
 816.0 5.961378618630635e-2
 817.0 5.951906383685662e-2
 818.0 5.9424571630971756e-2
 819.0 5.933030899569497e-2
 820.0 5.923627535640275e-2
 821.0 5.9142470136941065e-2
 822.0 5.904889275975529e-2
 823.0 5.895554264601122e-2
 824.0 5.886241921571288e-2
 825.0 5.87695218878115e-2
 826.0 5.867685008031205e-2
 827.0 5.8584403210371984e-2
 828.0 5.84921806943968e-2
 829.0 5.840018194813055e-2
 830.0 5.830840638674186e-2
 831.0 5.821685342490634e-2
 832.0 5.812552247688584e-2
 833.0 5.80344129566023e-2
 834.0 5.794352427770984e-2
 835.0 5.785285585366371e-2
 836.0 5.7762407097784844e-2
 837.0 5.7672177423324124e-2
 838.0 5.758216624351995e-2
 839.0 5.7492372971658115e-2
 840.0 5.740279702112573e-2
 841.0 5.731343780546382e-2
 842.0 5.722429473841852e-2
 843.0 5.71353672339893e-2
 844.0 5.704665470647589e-2
 845.0 5.6958156570522674e-2
 846.0 5.686987224116162e-2
 847.0 5.6781801133854254e-2
 848.0 5.669394266453072e-2
 849.0 5.660629624962784e-2
 850.0 5.65188613061262e-2
 851.0 5.643163725158519e-2
 852.0 5.634462350417726e-2
 853.0 5.62578194827193e-2
 854.0 5.617122460670597e-2
 855.0 5.608483829633821e-2
 856.0 5.599865997255337e-2
 857.0 5.59126890570526e-2
 858.0 5.58269249723278e-2
 859.0 5.574136714168815e-2
 860.0 5.5656014989284304e-2
 861.0 5.557086794013316e-2
 862.0 5.548592542014012e-2
 863.0 5.540118685612187e-2
 864.0 5.531665167582876e-2
 865.0 5.523231930796336e-2
 866.0 5.514818918220222e-2
 867.0 5.5064260729214e-2
 868.0 5.498053338067899e-2
 869.0 5.4897006569305254e-2
 870.0 5.481367972884707e-2
 871.0 5.4730552294121146e-2
 872.0 5.464762370102169e-2
 873.0 5.456489338653699e-2
 874.0 5.44823607887628e-2
 875.0 5.440002534691679e-2
 876.0 5.4317886501353135e-2
 877.0 5.4235943693573874e-2
 878.0 5.415419636624309e-2
 879.0 5.407264396319776e-2
 880.0 5.399128592946005e-2
 881.0 5.3910121711248274e-2
 882.0 5.382915075598768e-2
 883.0 5.3748372512320564e-2
 884.0 5.3667786430116216e-2
 885.0 5.35873919604806e-2
 886.0 5.350718855576523e-2
 887.0 5.3427175669575944e-2
 888.0 5.3347352756781194e-2
 889.0 5.3267719273520496e-2
 890.0 5.3188274677211135e-2
 891.0 5.310901842655687e-2
 892.0 5.30299499815536e-2
 893.0 5.295106880349715e-2
 894.0 5.287237435498892e-2
 895.0 5.2793866099942736e-2
 896.0 5.271554350358999e-2
 897.0 5.263740603248557e-2
 898.0 5.25594531545135e-2
 899.0 5.2481684338890944e-2
 900.0 5.2404099056174464e-2
 901.0 5.232669677826358e-2
 902.0 5.2249476978405124e-2
 903.0 5.2172439131197706e-2
 904.0 5.2095582712595866e-2
 905.0 5.2018907199912756e-2
 906.0 5.194241207182476e-2
 907.0 5.186609680837371e-2
 908.0 5.178996089097061e-2
 909.0 5.171400380239896e-2
 910.0 5.1638225026815955e-2
 911.0 5.156262404975609e-2
 912.0 5.148720035813367e-2
 913.0 5.141195344024428e-2
 914.0 5.13368827857676e-2
 915.0 5.126198788576784e-2
 916.0 5.1187268232697224e-2
 917.0 5.111272332039635e-2
 918.0 5.1038352644095904e-2
 919.0 5.096415570041767e-2
 920.0 5.0890131987376304e-2
 921.0 5.0816281004379765e-2
 922.0 5.074260225223011e-2
 923.0 5.066909523312469e-2
 924.0 5.059575945065598e-2
 925.0 5.052259440981294e-2
 926.0 5.044959961698106e-2
 927.0 5.03767745799422e-2
 928.0 5.030411880787477e-2
 929.0 5.0231631811355246e-2
 930.0 5.015931310235541e-2
 931.0 5.0087162194244535e-2
 932.0 5.001517860178814e-2
 933.0 4.9943361841147435e-2
 934.0 4.987171142987938e-2
 935.0 4.9800226886936215e-2
 936.0 4.972890773266366e-2
 937.0 4.965775348880166e-2
 938.0 4.9586763678482915e-2
 939.0 4.9515937826232016e-2
 940.0 4.944527545796416e-2
 941.0 4.9374776100984945e-2
 942.0 4.930443928398852e-2
 943.0 4.923426453705663e-2
 944.0 4.9164251391657476e-2
 945.0 4.909439938064374e-2
 946.0 4.902470803825275e-2
 947.0 4.895517690010296e-2
 948.0 4.888580550319409e-2
 949.0 4.881659338590451e-2
 950.0 4.874754008799066e-2
 951.0 4.8678645150583726e-2
 952.0 4.860990811618988e-2
 953.0 4.854132852868665e-2
 954.0 4.847290593332217e-2
 955.0 4.840463987671311e-2
 956.0 4.8336529906842174e-2
 957.0 4.8268575573056915e-2
 958.0 4.8200776426066766e-2
 959.0 4.81331320179418e-2
 960.0 4.806564190211009e-2
 961.0 4.799830563335521e-2
 962.0 4.7931122767814985e-2
 963.0 4.786409286297845e-2
 964.0 4.779721547768317e-2
 965.0 4.773049017211428e-2
 966.0 4.7663916507800844e-2
 967.0 4.759749404761357e-2
 968.0 4.753122235576259e-2
 969.0 4.746510099779599e-2
 970.0 4.739912954059492e-2
 971.0 4.7333307552373104e-2
 972.0 4.726763460267337e-2
 973.0 4.72021102623652e-2
 974.0 4.7136734103642046e-2
 975.0 4.707150570001862e-2
 976.0 4.7006424626328105e-2
 977.0 4.694149045871996e-2
 978.0 4.687670277465599e-2
 979.0 4.6812061152909416e-2
 980.0 4.67475651735596e-2
 981.0 4.668321441799138e-2
 982.0 4.6619008468891464e-2
 983.0 4.655494691024526e-2
 984.0 4.6491029327334066e-2
 985.0 4.6427255306732335e-2
 986.0 4.636362443630473e-2
 987.0 4.630013630520325e-2
 988.0 4.623679050386379e-2
 989.0 4.617358662400386e-2
 990.0 4.6110524258618835e-2
 991.0 4.6047603001979166e-2
 992.0 4.59848224496279e-2
 993.0 4.59221821983767e-2
 994.0 4.585968184630331e-2
 995.0 4.579732099274842e-2
 996.0 4.573509923831259e-2
 997.0 4.567301618485287e-2
 998.0 4.561107143547984e-2
 999.0 4.554926459455469e-2
 1000.0 4.5487595267685366e-2
 1001.0 4.5426063061724094e-2
 1002.0 4.536466758476451e-2
 1003.0 4.530340844613674e-2
 1004.0 4.5242285256406424e-2
 1005.0 4.518129762737021e-2
 1006.0 4.512044517205276e-2
 1007.0 4.505972750470275e-2
 1008.0 4.499914424079241e-2
 1009.0 4.493869499700998e-2
 1010.0 4.487837939126018e-2
 1011.0 4.481819704265961e-2
 1012.0 4.4758147571532514e-2
 1013.0 4.4698230599409305e-2
 1014.0 4.4638445749022156e-2
 1015.0 4.457879264430152e-2
 1016.0 4.4519270910373956e-2
 1017.0 4.4459880173557585e-2
 1018.0 4.440062006135984e-2
 1019.0 4.4341490202473015e-2
 1020.0 4.428249022677268e-2
 1021.0 4.42236197653122e-2
 1022.0 4.416487845032121e-2
 1023.0 4.410626591520141e-2
 1024.0 4.404778179452338e-2
 1025.0 4.398942572402359e-2
 1026.0 4.393119734060059e-2
 1027.0 4.387309628231164e-2
 1028.0 4.381512218837032e-2
 1029.0 4.3757274699142215e-2
 1030.0 4.36995534561412e-2
 1031.0 4.364195810202797e-2
 1032.0 4.358448828060465e-2
 1033.0 4.3527143636812614e-2
 1034.0 4.3469923816728887e-2
 1035.0 4.341282846756272e-2
 1036.0 4.335585723765242e-2
 1037.0 4.329900977646151e-2
 1038.0 4.324228573457634e-2
 1039.0 4.3185684763701965e-2
 1040.0 4.3129206516658705e-2
 1041.0 4.3072850647379333e-2
 1042.0 4.3016616810906294e-2
 1043.0 4.2960504663386447e-2
 1044.0 4.29045138620696e-2
 1045.0 4.284864406530425e-2
 1046.0 4.279289493253488e-2
 1047.0 4.2737266124297776e-2
 1048.0 4.268175730221806e-2
 1049.0 4.2626368129007504e-2
 1050.0 4.257109826845874e-2
 1051.0 4.251594738544479e-2
 1052.0 4.2460915145913505e-2
 1053.0 4.240600121688519e-2
 1054.0 4.235120526644966e-2
 1055.0 4.2296526963762016e-2
 1056.0 4.2241965979040244e-2
 1057.0 4.218752198356111e-2
 1058.0 4.213319464965754e-2
 1059.0 4.207898365071492e-2
 1060.0 4.20248886611681e-2
 1061.0 4.19709093564978e-2
 1062.0 4.191704541322741e-2
 1063.0 4.186329650892015e-2
 1064.0 4.180966232217509e-2
 1065.0 4.175614253262415e-2
 1066.0 4.170273682092966e-2
 1067.0 4.1649444868779466e-2
 1068.0 4.1596266358885164e-2
 1069.0 4.154320097497825e-2
 1070.0 4.14902484018066e-2
 1071.0 4.143740832513206e-2
 1072.0 4.1384680431725725e-2
 1073.0 4.133206440936721e-2
 1074.0 4.1279559946838816e-2
 1075.0 4.122716673392331e-2
 1076.0 4.1174884461401794e-2
 1077.0 4.1122712821048533e-2
 1078.0 4.107065150562938e-2
 1079.0 4.1018700208897724e-2
 1080.0 4.0966858625591566e-2
 1081.0 4.0915126451430577e-2
 1082.0 4.0863503383112114e-2
 1083.0 4.081198911830938e-2
 1084.0 4.076058335566666e-2
 1085.0 4.0709285794797816e-2
 1086.0 4.06580961362815e-2
 1087.0 4.060701408165959e-2
 1088.0 4.055603933343291e-2
 1089.0 4.0505171595058294e-2
 1090.0 4.045441057094639e-2
 1091.0 4.040375596645712e-2
 1092.0 4.035320748789752e-2
 1093.0 4.030276484251822e-2
 1094.0 4.025242773851103e-2
 1095.0 4.020219588500484e-2
 1096.0 4.0152068992063084e-2
 1097.0 4.010204677068068e-2
 1098.0 4.005212893278114e-2
 1099.0 4.000231519121282e-2
 1100.0 3.995260525974654e-2
 1101.0 3.990299885307278e-2
 1102.0 3.985349568679717e-2
 1103.0 3.9804095477439176e-2
 1104.0 3.975479794242799e-2
 1105.0 3.970560280010062e-2
 1106.0 3.9656509769697125e-2
 1107.0 3.960751857135925e-2
 1108.0 3.9558628926126695e-2
 1109.0 3.9509840555933866e-2
 1110.0 3.946115318360792e-2
 1111.0 3.941256653286465e-2
 1112.0 3.9364080328306e-2
 1113.0 3.931569429541771e-2
 1114.0 3.9267408160564815e-2
 1115.0 3.921922165099046e-2
 1116.0 3.917113449481164e-2
 1117.0 3.9123146421016886e-2
 1118.0 3.907525715946353e-2
 1119.0 3.9027466440874445e-2
 1120.0 3.897977399683475e-2
 1121.0 3.893217955978968e-2
 1122.0 3.8884682863041566e-2
 1123.0 3.883728364074638e-2
 1124.0 3.878998162791161e-2
 1125.0 3.8742776560392406e-2
 1126.0 3.869566817489042e-2
 1127.0 3.8648656208948654e-2
 1128.0 3.860174040095043e-2
 1129.0 3.855492049011639e-2
 1130.0 3.850819621650032e-2
 1131.0 3.8461567320987884e-2
 1132.0 3.841503354529302e-2
 1133.0 3.836859463195493e-2
 1134.0 3.832225032433641e-2
 1135.0 3.827600036661987e-2
 1136.0 3.822984450380469e-2
 1137.0 3.818378248170526e-2
 1138.0 3.8137814046946925e-2
 1139.0 3.809193894696528e-2
 1140.0 3.8046156930000886e-2
 1141.0 3.800046774509843e-2
 1142.0 3.795487114210313e-2
 1143.0 3.790936687165853e-2
 1144.0 3.786395468520286e-2
 1145.0 3.78186343349673e-2
 1146.0 3.77734055739732e-2
 1147.0 3.7728268156028505e-2
 1148.0 3.768322183572624e-2
 1149.0 3.763826636844124e-2
 1150.0 3.759340151032648e-2
 1151.0 3.754862701831297e-2
 1152.0 3.7503942650104774e-2
 1153.0 3.7459348164176995e-2
 1154.0 3.74148433197737e-2
 1155.0 3.7370427876904595e-2
 1156.0 3.732610159634293e-2
 1157.0 3.728186423962273e-2
 1158.0 3.7237715569035636e-2
 1159.0 3.71936553476297e-2
 1160.0 3.7149683339204945e-2
 1161.0 3.7105799308311996e-2
 1162.0 3.706200302024953e-2
 1163.0 3.701829424106131e-2
 1164.0 3.697467273753368e-2
 1165.0 3.69311382771928e-2
 1166.0 3.6887690628303e-2
 1167.0 3.684432955986327e-2
 1168.0 3.6801054841604584e-2
 1169.0 3.675786624398909e-2
 1170.0 3.671476353820513e-2
 1171.0 3.6671746496167126e-2
 1172.0 3.662881489051104e-2
 1173.0 3.6585968494593134e-2
 1174.0 3.654320708248774e-2
 1175.0 3.6500530428983394e-2
 1176.0 3.64579383095815e-2
 1177.0 3.6415430500494e-2
 1178.0 3.637300677863957e-2
 1179.0 3.633066692164312e-2
 1180.0 3.6288410707832126e-2
 1181.0 3.6246237916233756e-2
 1182.0 3.6204148326573767e-2
 1183.0 3.616214171927387e-2
 1184.0 3.612021787544765e-2
 1185.0 3.607837657690102e-2
 1186.0 3.603661760612691e-2
 1187.0 3.5994940746304986e-2
 1188.0 3.595334578129864e-2
 1189.0 3.591183249565238e-2
 1190.0 3.587040067458953e-2
 1191.0 3.5829050104009844e-2
 1192.0 3.578778057048777e-2
 1193.0 3.574659186126959e-2
 1194.0 3.570548376427095e-2
 1195.0 3.5664456068074855e-2
 1196.0 3.562350856192923e-2
 1197.0 3.558264103574491e-2
 1198.0 3.554185328009325e-2
 1199.0 3.5501145086203216e-2
 1200.0 3.546051624595967e-2
 1201.0 3.541996655190167e-2
 1202.0 3.537949579721885e-2
 1203.0 3.533910377575005e-2
 1204.0 3.529879028198157e-2
 1205.0 3.525855511104306e-2
 1206.0 3.521839805870764e-2
 1207.0 3.517831892138803e-2
 1208.0 3.5138317496135066e-2
 1209.0 3.509839358063485e-2
 1210.0 3.505854697320756e-2
 1211.0 3.5018777472804116e-2
 1212.0 3.497908487900505e-2
 1213.0 3.4939468992017525e-2
 1214.0 3.489992961267341e-2
 1215.0 3.486046654242755e-2
 1216.0 3.4821079583355286e-2
 1217.0 3.4781768538149134e-2
 1218.0 3.4742533210119386e-2
 1219.0 3.4703373403189394e-2
 1220.0 3.4664288921894534e-2
 1221.0 3.4625279571379876e-2
 1222.0 3.458634515739886e-2
 1223.0 3.454748548630907e-2
 1224.0 3.450870036507362e-2
 1225.0 3.4469989601254976e-2
 1226.0 3.443135300301592e-2
 1227.0 3.439279037911684e-2
 1228.0 3.4354301538911766e-2
 1229.0 3.4315886292349544e-2
 1230.0 3.427754444996905e-2
 1231.0 3.4239275822898305e-2
 1232.0 3.4201080222852474e-2
 1233.0 3.4162957462131625e-2
 1234.0 3.412490735361846e-2
 1235.0 3.408692971077678e-2
 1236.0 3.404902434764923e-2
 1237.0 3.40111910788553e-2
 1238.0 3.3973429719589145e-2
 1239.0 3.393574008561843e-2
 1240.0 3.389812199328037e-2
 1241.0 3.386057525948305e-2
 1242.0 3.382309970169911e-2
 1243.0 3.3785695137968925e-2
 1244.0 3.374836138689313e-2
 1245.0 3.371109826763561e-2
 1246.0 3.3673905599917904e-2
 1247.0 3.3636783204019506e-2
 1248.0 3.359973090077517e-2
 1249.0 3.356274851157269e-2
 1250.0 3.352583585835148e-2
 1251.0 3.348899276360029e-2
 1252.0 3.3452219050355704e-2
 1253.0 3.3415514542199896e-2
 1254.0 3.337887906325877e-2
 1255.0 3.3342312438200836e-2
 1256.0 3.330581449223367e-2
 1257.0 3.326938505110381e-2
 1258.0 3.323302394109384e-2
 1259.0 3.319673098902055e-2
 1260.0 3.316050602223466e-2
 1261.0 3.312434886861554e-2
 1262.0 3.308825935657381e-2
 1263.0 3.305223731504532e-2
 1264.0 3.301628257349269e-2
 1265.0 3.2980394961901305e-2
 1266.0 3.2944574310778185e-2
 1267.0 3.290882045115074e-2
 1268.0 3.2873133214563595e-2
 1269.0 3.2837512433078954e-2
 1270.0 3.2801957939272264e-2
 1271.0 3.276646956623249e-2
 1272.0 3.27310471475595e-2
 1273.0 3.269569051736215e-2
 1274.0 3.266039951025667e-2
 1275.0 3.2625173961365266e-2
 1276.0 3.259001370631409e-2
 1277.0 3.255491858123112e-2
 1278.0 3.251988842274549e-2
 1279.0 3.2484923067984166e-2
 1280.0 3.2450022354572144e-2
 1281.0 3.241518612062899e-2
 1282.0 3.238041420476786e-2
 1283.0 3.2345706446094954e-2
 1284.0 3.231106268420496e-2
 1285.0 3.2276482759182414e-2
 1286.0 3.2241966511598115e-2
 1287.0 3.2207513782508045e-2
 1288.0 3.2173124413452034e-2
 1289.0 3.2138798246450904e-2
 1290.0 3.210453512400693e-2
 1291.0 3.207033488909946e-2
 1292.0 3.203619738518588e-2
 1293.0 3.200212245619821e-2
 1294.0 3.1968109946541985e-2
 1295.0 3.193415970109465e-2
 1296.0 3.1900271565205036e-2
 1297.0 3.186644538468892e-2
 1298.0 3.1832681005830844e-2
 1299.0 3.179897827537922e-2
 1300.0 3.176533704054782e-2
 1301.0 3.173175714901209e-2
 1302.0 3.169823844890812e-2
 1303.0 3.1664780788830796e-2
 1304.0 3.163138401783358e-2
 1305.0 3.159804798542478e-2
 1306.0 3.156477254156801e-2
 1307.0 3.1531557536678884e-2
 1308.0 3.149840282162511e-2
 1309.0 3.146530824772345e-2
 1310.0 3.143227366673946e-2
 1311.0 3.139929893088483e-2
 1312.0 3.136638389281662e-2
 1313.0 3.133352840563577e-2
 1314.0 3.130073232288454e-2
 1315.0 3.12679954985468e-2
 1316.0 3.1235317787044484e-2
 1317.0 3.120269904323742e-2
 1318.0 3.1170139122422096e-2
 1319.0 3.113763788032829e-2
 1320.0 3.1105195173120017e-2
 1321.0 3.1072810857392053e-2
 1322.0 3.1040484790170117e-2
 1323.0 3.1008216828907788e-2
 1324.0 3.097600683148601e-2
 1325.0 3.0943854656211564e-2
 1326.0 3.091176016181575e-2
 1327.0 3.0879723207452067e-2
 1328.0 3.0847743652695204e-2
 1329.0 3.0815821357541146e-2
 1330.0 3.0783956182402726e-2
 1331.0 3.0752147988110715e-2
 1332.0 3.072039663591121e-2
 1333.0 3.0688701987464786e-2
 1334.0 3.0657063904844222e-2
 1335.0 3.0625482250534544e-2
 1336.0 3.059395688742984e-2
 1337.0 3.0562487678833176e-2
 1338.0 3.05310744884554e-2
 1339.0 3.049971718041191e-2
 1340.0 3.0468415619223276e-2
 1341.0 3.0437169669813413e-2
 1342.0 3.0405979197507108e-2
 1343.0 3.0374844068029667e-2
 1344.0 3.0343764147505916e-2
 1345.0 3.0312739302457262e-2
 1346.0 3.02817693998024e-2
 1347.0 3.0250854306853744e-2
 1348.0 3.0219993891318308e-2
 1349.0 3.0189188021294406e-2
 1350.0 3.0158436565271753e-2
 1351.0 3.01277393921296e-2
 1352.0 3.0097096371134762e-2
 1353.0 3.0066507371941883e-2
 1354.0 3.0035972264590226e-2
 1355.0 3.0005490919503944e-2
 1356.0 2.997506320748991e-2
 1357.0 2.9944688999736645e-2
 1358.0 2.9914368167813104e-2
 1359.0 2.9884100583667045e-2
 1360.0 2.9853886119624345e-2
 1361.0 2.982372464838728e-2
 1362.0 2.97936160430331e-2
 1363.0 2.9763560177013447e-2
 1364.0 2.9733556924152048e-2
 1365.0 2.970360615864449e-2
 1366.0 2.967370775505655e-2
 1367.0 2.964386158832259e-2
 1368.0 2.9614067533744858e-2
 1369.0 2.9584325466991888e-2
 1370.0 2.9554635264097795e-2
 1371.0 2.9524996801459726e-2
 1372.0 2.9495409955838547e-2
 1373.0 2.9465874604355968e-2
 1374.0 2.943639062449421e-2
 1375.0 2.940695789409447e-2
 1376.0 2.9377576291355775e-2
 1377.0 2.9348245694833824e-2
 1378.0 2.9318965983439638e-2
 1379.0 2.9289737036438373e-2
 1380.0 2.926055873344869e-2
 1381.0 2.9231430954440377e-2
 1382.0 2.9202353579734587e-2
 1383.0 2.9173326490001306e-2
 1384.0 2.914434956625918e-2
 1385.0 2.9115422689874056e-2
 1386.0 2.9086545742557326e-2
 1387.0 2.9057718606365447e-2
 1388.0 2.9028941163698564e-2
 1389.0 2.9000213297299113e-2
 1390.0 2.897153489025094e-2
 1391.0 2.894290582597785e-2
 1392.0 2.8914325988243072e-2
 1393.0 2.888579526114729e-2
 1394.0 2.8857313529128403e-2
 1395.0 2.8828880676959427e-2
 1396.0 2.8800496589748266e-2
 1397.0 2.8772161152936092e-2
 1398.0 2.8743874252296006e-2
 1399.0 2.8715635773932748e-2
 1400.0 2.8687445604281107e-2
 1401.0 2.8659303630103834e-2
 1402.0 2.8631209738492706e-2
 1403.0 2.86031638168659e-2
 1404.0 2.8575165752966432e-2
 1405.0 2.854721543486334e-2
 1406.0 2.851931275094724e-2
 1407.0 2.849145758993289e-2
 1408.0 2.846364984085542e-2
 1409.0 2.843588939307001e-2
 1410.0 2.84081761362515e-2
 1411.0 2.8380509960392673e-2
 1412.0 2.8352890755803353e-2
 1413.0 2.8325318413109014e-2
 1414.0 2.829779282325029e-2
 1415.0 2.8270313877481894e-2
 1416.0 2.8242881467370997e-2
 1417.0 2.8215495484796255e-2
 1418.0 2.818815582194795e-2
 1419.0 2.81608623713253e-2
 1420.0 2.8133615025736355e-2
 1421.0 2.8106413678296863e-2
 1422.0 2.8079258222429324e-2
 1423.0 2.8052148551861587e-2
 1424.0 2.8025084560626145e-2
 1425.0 2.7998066143058865e-2
 1426.0 2.79710931937988e-2
 1427.0 2.794416560778539e-2
 1428.0 2.791728328026004e-2
 1429.0 2.7890446106762532e-2
 1430.0 2.7863653983131866e-2
 1431.0 2.7836906805504165e-2
 1432.0 2.7810204470312377e-2
 1433.0 2.7783546874284856e-2
 1434.0 2.7756933914445166e-2
 1435.0 2.773036548810935e-2
 1436.0 2.7703841492887276e-2
 1437.0 2.7677361826679788e-2
 1438.0 2.7650926387678673e-2
 1439.0 2.7624535074365214e-2
 1440.0 2.759818778551013e-2
 1441.0 2.7571884420171403e-2
 1442.0 2.754562487769409e-2
 1443.0 2.751940905770912e-2
 1444.0 2.7493236860132685e-2
 1445.0 2.7467108185164592e-2
 1446.0 2.744102293328829e-2
 1447.0 2.7414981005268593e-2
 1448.0 2.7388982302152858e-2
 1449.0 2.7363026725267435e-2
 1450.0 2.7337114176218737e-2
 1451.0 2.7311244556891927e-2
 1452.0 2.7285417769448976e-2
 1453.0 2.7259633716329057e-2
 1454.0 2.7233892300246986e-2
 1455.0 2.7208193424192357e-2
 1456.0 2.718253699142837e-2
 1457.0 2.7156922905492036e-2
 1458.0 2.7131351070191247e-2
 1459.0 2.7105821389607144e-2
 1460.0 2.7080333768088487e-2
 1461.0 2.705488811025605e-2
 1462.0 2.70294843209976e-2
 1463.0 2.7004122305468968e-2
 1464.0 2.697880196909314e-2
 1465.0 2.6953523217558915e-2
 1466.0 2.692828595681964e-2
 1467.0 2.6903090093093246e-2
 1468.0 2.687793553286131e-2
 1469.0 2.6852822182867102e-2
 1470.0 2.682774995011628e-2
 1471.0 2.6802718741874884e-2
 1472.0 2.6777728465668334e-2
 1473.0 2.675277902928227e-2
 1474.0 2.6727870340759772e-2
 1475.0 2.6703002308400843e-2
 1476.0 2.667817484076295e-2
 1477.0 2.665338784665892e-2
 1478.0 2.6628641235155973e-2
 1479.0 2.6603934915575802e-2
 1480.0 2.6579268797493408e-2
 1481.0 2.655464279073535e-2
 1482.0 2.6530056805380828e-2
 1483.0 2.650551075175843e-2
 1484.0 2.6481004540448393e-2
 1485.0 2.6456538082277985e-2
 1486.0 2.643211128832472e-2
 1487.0 2.640772406991202e-2
 1488.0 2.63833763386105e-2
 1489.0 2.6359068006237076e-2
 1490.0 2.6334798984853122e-2
 1491.0 2.631056918676495e-2
 1492.0 2.628637852452128e-2
 1493.0 2.6262226910914285e-2
 1494.0 2.6238114258977988e-2
 1495.0 2.6214040481987205e-2
 1496.0 2.619000549345746e-2
 1497.0 2.616600920714335e-2
 1498.0 2.614205153703866e-2
 1499.0 2.6118132397374975e-2
 1500.0 2.6094251702621068e-2
 1501.0 2.6070409367482224e-2
 1502.0 2.6046605306899215e-2
 1503.0 2.6022839436048387e-2
 1504.0 2.599911167033919e-2
 1505.0 2.5975421925415933e-2
 1506.0 2.5951770117153706e-2
 1507.0 2.5928156161661265e-2
 1508.0 2.590457997527734e-2
 1509.0 2.588104147457187e-2
 1510.0 2.5857540576343825e-2
 1511.0 2.5834077197621458e-2
 1512.0 2.5810651255660996e-2
 1513.0 2.5787262667946717e-2
 1514.0 2.5763911352188692e-2
 1515.0 2.5740597226323284e-2
 1516.0 2.571732020851266e-2
 1517.0 2.5694080217142912e-2
 1518.0 2.5670877170824148e-2
 1519.0 2.5647710988389655e-2
 1520.0 2.5624581588894833e-2
 1521.0 2.5601488891617313e-2
 1522.0 2.5578432816054743e-2
 1523.0 2.555541328192602e-2
 1524.0 2.5532430209168764e-2
 1525.0 2.550948351794015e-2
 1526.0 2.548657312861462e-2
 1527.0 2.546369896178505e-2
 1528.0 2.5440860938260118e-2
 1529.0 2.5418058979065055e-2
 1530.0 2.539529300544037e-2
 1531.0 2.5372562938841093e-2
 1532.0 2.5349868700936525e-2
 1533.0 2.5327210213608838e-2
 1534.0 2.5304587398953093e-2
 1535.0 2.5282000179276013e-2
 1536.0 2.525944847709617e-2
 1537.0 2.5236932215141925e-2
 1538.0 2.5214451316352023e-2
 1539.0 2.5192005703874254e-2
 1540.0 2.516959530106519e-2
 1541.0 2.5147220031489084e-2
 1542.0 2.512487981891719e-2
 1543.0 2.5102574587328338e-2
 1544.0 2.508030426090589e-2
 1545.0 2.5058068764039397e-2
 1546.0 2.5035868021323092e-2
 1547.0 2.5013701957554067e-2
 1548.0 2.4991570497734518e-2
 1549.0 2.4969473567067458e-2
 1550.0 2.4947411090959312e-2
 1551.0 2.4925382995016933e-2
 1552.0 2.490338920504874e-2
 1553.0 2.4881429647062456e-2
 1554.0 2.485950424726587e-2
 1555.0 2.4837612932065108e-2
 1556.0 2.481575562806517e-2
 1557.0 2.4793932262067844e-2
 1558.0 2.4772142761072796e-2
 1559.0 2.4750387052274742e-2
 1560.0 2.4728665063065612e-2
 1561.0 2.4706976721030973e-2
 1562.0 2.4685321953952132e-2
 1563.0 2.4663700689803496e-2
 1564.0 2.4642112856752534e-2
 1565.0 2.4620558383160154e-2
 1566.0 2.4599037197578708e-2
 1567.0 2.4577549228752056e-2
 1568.0 2.455609440561485e-2
 1569.0 2.4534672657292343e-2
 1570.0 2.451328391309864e-2
 1571.0 2.449192810253766e-2
 1572.0 2.4470605155301313e-2
 1573.0 2.4449315001268984e-2
 1574.0 2.4428057570508657e-2
 1575.0 2.4406832793273055e-2
 1576.0 2.4385640600002693e-2
 1577.0 2.436448092132212e-2
 1578.0 2.434335368804216e-2
 1579.0 2.4322258831156816e-2
 1580.0 2.430119628184444e-2
 1581.0 2.42801659714662e-2
 1582.0 2.425916783156638e-2
 1583.0 2.423820179387048e-2
 1584.0 2.4217267790286236e-2
 1585.0 2.41963657529016e-2
 1586.0 2.4175495613985475e-2
 1587.0 2.4154657305985688e-2
 1588.0 2.41338507615303e-2
 1589.0 2.4113075913424903e-2
 1590.0 2.40923326946537e-2
 1591.0 2.407162103837876e-2
 1592.0 2.40509408779382e-2
 1593.0 2.40302921468473e-2
 1594.0 2.4009674778796918e-2
 1595.0 2.398908870765293e-2
 1596.0 2.396853386745654e-2
 1597.0 2.394801019242266e-2
 1598.0 2.39275176169401e-2
 1599.0 2.3907056075570865e-2
 1600.0 2.3886625503049347e-2
 1601.0 2.3866225834282016e-2
 1602.0 2.3845857004346577e-2
 1603.0 2.382551894849279e-2
 1604.0 2.3805211602139154e-2
 1605.0 2.3784934900875992e-2
 1606.0 2.3764688780461344e-2
 1607.0 2.374447317682308e-2
 1608.0 2.3724288026056986e-2
 1609.0 2.3704133264427323e-2
 1610.0 2.3684008828364356e-2
 1611.0 2.366391465446641e-2
 1612.0 2.3643850679497314e-2
 1613.0 2.362381684038721e-2
 1614.0 2.360381307423096e-2
 1615.0 2.35838393182883e-2
 1616.0 2.3563895509983376e-2
 1617.0 2.3543981586903608e-2
 1618.0 2.3524097486800327e-2
 1619.0 2.3504243147586496e-2
 1620.0 2.348441850733839e-2
 1621.0 2.3464623504293125e-2
 1622.0 2.3444858076849588e-2
 1623.0 2.342512216356687e-2
 1624.0 2.3405415703164702e-2
 1625.0 2.3385738634522438e-2
 1626.0 2.336609089667801e-2
 1627.0 2.334647242882889e-2
 1628.0 2.3326883170330544e-2
 1629.0 2.330732306069602e-2
 1630.0 2.3287792039595714e-2
 1631.0 2.3268290046856623e-2
 1632.0 2.3248817022462467e-2
 1633.0 2.322937290655257e-2
 1634.0 2.3209957639421023e-2
 1635.0 2.3190571161517924e-2
 1636.0 2.3171213413446766e-2
 1637.0 2.315188433596525e-2
 1638.0 2.3132583869984808e-2
 1639.0 2.3113311956569384e-2
 1640.0 2.3094068536936078e-2
 1641.0 2.307485355245278e-2
 1642.0 2.3055666944640434e-2
 1643.0 2.3036508655170203e-2
 1644.0 2.3017378625864063e-2
 1645.0 2.2998276798693908e-2
 1646.0 2.2979203115782366e-2
 1647.0 2.296015751939971e-2
 1648.0 2.2941139951966526e-2
 1649.0 2.292215035605096e-2
 1650.0 2.29031886743692e-2
 1651.0 2.288425484978487e-2
 1652.0 2.286534882530874e-2
 1653.0 2.2846470544097892e-2
 1654.0 2.2827619949455848e-2
 1655.0 2.2808796984831504e-2
 1656.0 2.2790001593819057e-2
 1657.0 2.2771233720157446e-2
 1658.0 2.2752493307730097e-2
 1659.0 2.2733780300564214e-2
 1660.0 2.2715094642830207e-2
 1661.0 2.2696436278842193e-2
 1662.0 2.2677805153055945e-2
 1663.0 2.2659201210070642e-2
 1664.0 2.264062439462572e-2
 1665.0 2.262207465160314e-2
 1666.0 2.2603551926024715e-2
 1667.0 2.258505616305386e-2
 1668.0 2.256658730799283e-2
 1669.0 2.254814530628442e-2
 1670.0 2.2529730103509775e-2
 1671.0 2.251134164538944e-2
 1672.0 2.249297987778194e-2
 1673.0 2.2474644746683935e-2
 1674.0 2.2456336198229416e-2
 1675.0 2.2438054178689586e-2
 1676.0 2.2419798634471914e-2
 1677.0 2.2401569512120644e-2
 1678.0 2.238336675831569e-2
 1679.0 2.23651903198722e-2
 1680.0 2.2347040143740757e-2
 1681.0 2.2328916177006077e-2
 1682.0 2.231081836688738e-2
 1683.0 2.229274666073767e-2
 1684.0 2.2274701006043167e-2
 1685.0 2.225668135042357e-2
 1686.0 2.2238687641630606e-2
 1687.0 2.2220719827548554e-2
 1688.0 2.220277785619348e-2
 1689.0 2.218486167571257e-2
 1690.0 2.2166971234384585e-2
 1691.0 2.2149106480618262e-2
 1692.0 2.2131267362953157e-2
 1693.0 2.211345383005842e-2
 1694.0 2.209566583073235e-2
 1695.0 2.207790331390297e-2
 1696.0 2.2060166228626537e-2
 1697.0 2.2042454524087537e-2
 1698.0 2.202476814959862e-2
 1699.0 2.200710705459991e-2
 1700.0 2.198947118865851e-2
 1701.0 2.1971860501468862e-2
 1702.0 2.19542749428509e-2
 1703.0 2.1936714462751014e-2
 1704.0 2.191917901124188e-2
 1705.0 2.1901668538519926e-2
 1706.0 2.188418299490829e-2
 1707.0 2.1866722330852954e-2
 1708.0 2.1849286496925177e-2
 1709.0 2.183187544381959e-2
 1710.0 2.1814489122354043e-2
 1711.0 2.1797127483469937e-2
 1712.0 2.1779790478230806e-2
 1713.0 2.176247805782282e-2
 1714.0 2.1745190173554193e-2
 1715.0 2.1727926776854343e-2
 1716.0 2.1710687819274283e-2
 1717.0 2.1693473252485454e-2
 1718.0 2.167628302828053e-2
 1719.0 2.1659117098571355e-2
 1720.0 2.1641975415390965e-2
 1721.0 2.162485793088997e-2
 1722.0 2.160776459733959e-2
 1723.0 2.1590695367129528e-2
 1724.0 2.1573650192766875e-2
 1725.0 2.1556629026877983e-2
 1726.0 2.153963182220634e-2
 1727.0 2.152265853161267e-2
 1728.0 2.150570910807508e-2
 1729.0 2.148878350468778e-2
 1730.0 2.1471881674661814e-2
 1731.0 2.1455003571323766e-2
 1732.0 2.143814914811605e-2
 1733.0 2.142131835859641e-2
 1734.0 2.1404511156437614e-2
 1735.0 2.1387727495426036e-2
 1736.0 2.137096732946426e-2
 1737.0 2.135423061256673e-2
 1738.0 2.1337517298862695e-2
 1739.0 2.1320827342594568e-2
 1740.0 2.130416069811709e-2
 1741.0 2.1287517319898527e-2
 1742.0 2.127089716251814e-2
 1743.0 2.1254300180668245e-2
 1744.0 2.123772632915253e-2
 1745.0 2.1221175562885188e-2
 1746.0 2.1204647836892593e-2
 1747.0 2.1188143106310436e-2
 1748.0 2.117166132638609e-2
 1749.0 2.1155202452475486e-2
 1750.0 2.1138766440045323e-2
 1751.0 2.1122353244671113e-2
 1752.0 2.1105962822037517e-2
 1753.0 2.1089595127937608e-2
 1754.0 2.1073250118273247e-2
 1755.0 2.105692774905436e-2
 1756.0 2.104062797639803e-2
 1757.0 2.102435075652973e-2
 1758.0 2.1008096045780963e-2
 1759.0 2.0991863800590847e-2
 1760.0 2.097565397750506e-2
 1761.0 2.0959466533174383e-2
 1762.0 2.094330142435686e-2
 1763.0 2.0927158607915126e-2
 1764.0 2.091103804081756e-2
 1765.0 2.0894939680137253e-2
 1766.0 2.0878863483052266e-2
 1767.0 2.086280940684466e-2
 1768.0 2.0846777408900452e-2
 1769.0 2.083076744670993e-2
 1770.0 2.0814779477866144e-2
 1771.0 2.0798813460066155e-2
 1772.0 2.0782869351108752e-2
 1773.0 2.076694710889639e-2
 1774.0 2.0751046691432934e-2
 1775.0 2.0735168056824505e-2
 1776.0 2.0719311163279033e-2
 1777.0 2.070347596910549e-2
 1778.0 2.068766243271418e-2
 1779.0 2.0671870512616087e-2
 1780.0 2.0656100167422593e-2
 1781.0 2.064035135584533e-2
 1782.0 2.0624624036695894e-2
 1783.0 2.060891816888561e-2
 1784.0 2.0593233711424786e-2
 1785.0 2.0577570623423157e-2
 1786.0 2.056192886408865e-2
 1787.0 2.0546308392728443e-2
 1788.0 2.053070916874714e-2
 1789.0 2.051513115164782e-2
 1790.0 2.0499574301031154e-2
 1791.0 2.048403857659447e-2
 1792.0 2.0468523938133282e-2
 1793.0 2.045303034553873e-2
 1794.0 2.0437557758799286e-2
 1795.0 2.042210613799929e-2
 1796.0 2.0406675443319238e-2
 1797.0 2.039126563503489e-2
 1798.0 2.0375876673518017e-2
 1799.0 2.0360508519235047e-2
 1800.0 2.0345161132747386e-2
 1801.0 2.0329834474711195e-2
 1802.0 2.0314528505876568e-2
 1803.0 2.0299243187088263e-2
 1804.0 2.028397847928421e-2
 1805.0 2.0268734343496176e-2
 1806.0 2.025351074084914e-2
 1807.0 2.02383076325605e-2
 1808.0 2.0223124979941668e-2
 1809.0 2.0207962744394972e-2
 1810.0 2.0192820887416116e-2
 1811.0 2.0177699370592165e-2
 1812.0 2.0162598155601497e-2
 1813.0 2.014751720421506e-2
 1814.0 2.013245647829341e-2
 1815.0 2.0117415939789378e-2
 1816.0 2.010239555074541e-2
 1817.0 2.0087395273294718e-2
 1818.0 2.0072415069661023e-2
 1819.0 2.0057454902156775e-2
 1820.0 2.0042514733185388e-2
 1821.0 2.0027594525238238e-2
 1822.0 2.0012694240897102e-2
 1823.0 1.9997813842831506e-2
 1824.0 1.998295329380011e-2
 1825.0 1.9968112556650052e-2
 1826.0 1.9953291594316053e-2
 1827.0 1.9938490369820747e-2
 1828.0 1.9923708846275045e-2
 1829.0 1.9908946986875925e-2
 1830.0 1.9894204754908662e-2
 1831.0 1.9879482113744885e-2
 1832.0 1.9864779026842402e-2
 1833.0 1.9850095457746325e-2
 1834.0 1.9835431370086712e-2
 1835.0 1.9820786727580596e-2
 1836.0 1.9806161494029795e-2
 1837.0 1.9791555633322085e-2
 1838.0 1.977696910942968e-2
 1839.0 1.9762401886410593e-2
 1840.0 1.974785392840688e-2
 1841.0 1.9733325199645275e-2
 1842.0 1.9718815664436166e-2
 1843.0 1.9704325287174685e-2
 1844.0 1.9689854032339364e-2
 1845.0 1.9675401864491723e-2
 1846.0 1.9660968748277403e-2
 1847.0 1.9646554648424113e-2
 1848.0 1.9632159529743405e-2
 1849.0 1.9617783357128014e-2
 1850.0 1.9603426095554276e-2
 1851.0 1.9589087710079726e-2
 1852.0 1.9574768165844598e-2
 1853.0 1.9560467428069515e-2
 1854.0 1.9546185462057813e-2
 1855.0 1.953192223319304e-2
 1856.0 1.951767770694014e-2
 1857.0 1.950345184884458e-2
 1858.0 1.9489244624532297e-2
 1859.0 1.9475055999709986e-2
 1860.0 1.946088594016334e-2
 1861.0 1.9446734411758867e-2
 1862.0 1.9432601380441956e-2
 1863.0 1.9418486812238088e-2
 1864.0 1.9404390673251063e-2
 1865.0 1.9390312929664172e-2
 1866.0 1.9376253547739475e-2
 1867.0 1.936221249381673e-2
 1868.0 1.9348189734315215e-2
 1869.0 1.9334185235731067e-2
 1870.0 1.9320198964638758e-2
 1871.0 1.9306230887690633e-2
 1872.0 1.929228097161573e-2
 1873.0 1.9278349183221306e-2
 1874.0 1.9264435489390403e-2
 1875.0 1.9250539857083887e-2
 1876.0 1.9236662253338293e-2
 1877.0 1.922280264526698e-2
 1878.0 1.9208961000059453e-2
 1879.0 1.9195137284980877e-2
 1880.0 1.9181331467372324e-2
 1881.0 1.9167543514650047e-2
 1882.0 1.9153773394306003e-2
 1883.0 1.9140021073906874e-2
 1884.0 1.91262865210944e-2
 1885.0 1.911256970358489e-2
 1886.0 1.909887058916922e-2
 1887.0 1.9085189145712167e-2
 1888.0 1.9071525341152962e-2
 1889.0 1.9057879143504645e-2
 1890.0 1.9044250520853585e-2
 1891.0 1.9030639441359586e-2
 1892.0 1.9017045873256193e-2
 1893.0 1.9003469784849226e-2
 1894.0 1.8989911144518194e-2
 1895.0 1.8976369920714213e-2
 1896.0 1.896284608196178e-2
 1897.0 1.894933959685705e-2
 1898.0 1.89358504340682e-2
 1899.0 1.892237856233565e-2
 1900.0 1.890892395047102e-2
 1901.0 1.8895486567357626e-2
 1902.0 1.8882066381949836e-2
 1903.0 1.8868663363273242e-2
 1904.0 1.8855277480423958e-2
 1905.0 1.8841908702569306e-2
 1906.0 1.8828556998946467e-2
 1907.0 1.8815222338863513e-2
 1908.0 1.8801904691697843e-2
 1909.0 1.878860402689736e-2
 1910.0 1.8775320313979306e-2
 1911.0 1.8762053522530655e-2
 1912.0 1.8748803622207794e-2
 1913.0 1.873557058273549e-2
 1914.0 1.8722354373908588e-2
 1915.0 1.8709154965589486e-2
 1916.0 1.8695972327710225e-2
 1917.0 1.8682806430270447e-2
 1918.0 1.866965724333824e-2
 1919.0 1.8656524737049762e-2
 1920.0 1.864340888160882e-2
 1921.0 1.863030964728734e-2
 1922.0 1.861722700442357e-2
 1923.0 1.860416092342436e-2
 1924.0 1.859111137476295e-2
 1925.0 1.857807832897922e-2
 1926.0 1.856506175668041e-2
 1927.0 1.855206162853965e-2
 1928.0 1.8539077915297058e-2
 1929.0 1.852611058775862e-2
 1930.0 1.8513159616795987e-2
 1931.0 1.8500224973347218e-2
 1932.0 1.848730662841583e-2
 1933.0 1.84744045530702e-2
 1934.0 1.8461518718444998e-2
 1935.0 1.8448649095739365e-2
 1936.0 1.8435795656217013e-2
 1937.0 1.842295837120787e-2
 1938.0 1.8410137212104258e-2
 1939.0 1.839733215036512e-2
 1940.0 1.8384543157512007e-2
 1941.0 1.837177020513125e-2
 1942.0 1.835901326487298e-2
 1943.0 1.834627230845079e-2
 1944.0 1.8333547307642428e-2
 1945.0 1.8320838234288078e-2
 1946.0 1.830814506029217e-2
 1947.0 1.8295467757621045e-2
 1948.0 1.8282806298304956e-2
 1949.0 1.8270160654436096e-2
 1950.0 1.825753079816961e-2
 1951.0 1.824491670172242e-2
 1952.0 1.823231833737463e-2
 1953.0 1.8219735677467253e-2
 1954.0 1.8207168694403888e-2
 1955.0 1.819461736064976e-2
 1956.0 1.8182081648730898e-2
 1957.0 1.816956153123601e-2
 1958.0 1.8157056980813477e-2
 1959.0 1.814456797017378e-2
 1960.0 1.813209447208786e-2
 1961.0 1.811963645938754e-2
 1962.0 1.8107193904964614e-2
 1963.0 1.8094766781772374e-2
 1964.0 1.8082355062823092e-2
 1965.0 1.806995872118954e-2
 1966.0 1.8057577730005114e-2
 1967.0 1.8045212062461853e-2
 1968.0 1.8032861691811612e-2
 1969.0 1.802052659136643e-2
 1970.0 1.800820673449637e-2
 1971.0 1.7995902094631942e-2
 1972.0 1.7983612645261084e-2
 1973.0 1.7971338359932348e-2
 1974.0 1.7959079212251046e-2
 1975.0 1.7946835175882116e-2
 1976.0 1.793460622454847e-2
 1977.0 1.792239233203125e-2
 1978.0 1.791019347216966e-2
 1979.0 1.7898009618860386e-2
 1980.0 1.7885840746058375e-2
 1981.0 1.7873686827775286e-2
 1982.0 1.786154783808137e-2
 1983.0 1.7849423751103002e-2
 1984.0 1.7837314541024368e-2
 1985.0 1.7825220182086033e-2
 1986.0 1.781314064858585e-2
 1987.0 1.7801075914877697e-2
 1988.0 1.778902595537278e-2
 1989.0 1.7776990744537785e-2
 1990.0 1.7764970256896315e-2
 1991.0 1.7752964467027458e-2
 1992.0 1.774097334956631e-2
 1993.0 1.7728996879203804e-2
 1994.0 1.7717035030686692e-2
 1995.0 1.7705087778816665e-2
 1996.0 1.769315509845102e-2
 1997.0 1.7681236964502262e-2
 1998.0 1.7669333351937898e-2
 1999.0 1.765744423577978e-2
 2000.0 1.764556959110538e-2
