 1.0 8.863328978976259e-2
 2.0 9.453512306289398e-2
 3.0 9.958410680461342e-2
 4.0 0.10384964030187036
 5.0 0.10741952390546158
 6.0 0.11038614702718792
 7.0 0.11283832030376754
 8.0 0.11485703991374828
 9.0 0.11651375162435296
 10.0 0.11787008692119048
 11.0 0.11897839566913018
 12.0 0.1198826572453333
 13.0 0.12061952442771703
 14.0 0.12121936356233663
 15.0 0.12170722110859777
 16.0 0.1221036858564185
 17.0 0.12242563831595715
 18.0 0.12268689070849506
 19.0 0.12289872683745806
 20.0 0.12307035346793327
 21.0 0.12320927524694487
 22.0 0.1233216045804474
 23.0 0.12341231678725213
 24.0 0.12348545958331446
 25.0 0.1235443246812193
 26.0 0.12359158810617384
 27.0 0.12362942477024501
 28.0 0.12365960192267283
 29.0 0.12368355530275618
 30.0 0.12370245115256027
 31.0 0.12371723668589812
 32.0 0.12372868114334154
 33.0 0.1237374091766629
 34.0 0.12374392798754248
 35.0 0.12374864938353022
 36.0 0.1237519076995519
 37.0 0.12375397435755023
 38.0 0.12375506969328859
 39.0 0.12375537256218366
 40.0 0.1237550281405174
 41.0 0.12375415426056272
 42.0 0.12375284655480938
 43.0 0.12375118263293106
 44.0 0.123749225473205
 45.0 0.12374702617601076
 46.0 0.12374462619932106
 47.0 0.1237420591735822
 48.0 0.1237393523750825
 49.0 0.12373652792204298
 50.0 0.12373360374559239
 51.0 0.12373059437797805
 52.0 0.12372751159240328
 53.0 0.12372436492241191
 54.0 0.1237211620834882
 55.0 0.12371790931527783
 56.0 0.12371461165936987
 57.0 0.12371127318477095
 58.0 0.12370789717091799
 59.0 0.12370448625622371
 60.0 0.12370104255864509
 61.0 0.12369756777354081
 62.0 0.12369406325309598
 63.0 0.12369053007078422
 64.0 0.1236869690736847
 65.0 0.1236833809249425
 66.0 0.12367976613822704
 67.0 0.12367612510569735
 68.0 0.12367245812069626
 69.0 0.12366876539616672
 70.0 0.12366504707959619
 71.0 0.12366130326514245
 72.0 0.12365753400347354
 73.0 0.1236537393097503
 74.0 0.12364991917010308
 75.0 0.12364607354688563
 76.0 0.12364220238293684
 77.0 0.1236383056050373
 78.0 0.12363438312671195
 79.0 0.12363043485050242
 80.0 0.1236264606698097
 81.0 0.12362246047038598
 82.0 0.1236184341315445
 83.0 0.12361438152713812
 84.0 0.12361030252635197
 85.0 0.12360619699434411
 86.0 0.12360206479276308
 87.0 0.12359790578016597
 88.0 0.12359371981235512
 89.0 0.12358950674264921
 90.0 0.1235852664221006
 91.0 0.1235809986996698
 92.0 0.12357670342236413
 93.0 0.12357238043534825
 94.0 0.12356802958203114
 95.0 0.1235636507041341
 96.0 0.12355924364174373
 97.0 0.12355480823335198
 98.0 0.12355034431588623
 99.0 0.12354585172473119
 100.0 0.12354133029374356
 101.0 0.12353677985526174
 102.0 0.12353220024011025
 103.0 0.12352759127760152
 104.0 0.12352295279553333
 105.0 0.12351828462018472
 106.0 0.12351358657630927
 107.0 0.12350885848712698
 108.0 0.12350410017431424
 109.0 0.12349931145799309
 110.0 0.12349449215671877
 111.0 0.12348964208746749
 112.0 0.1234847610656217
 113.0 0.1234798489049565
 114.0 0.1234749054176242
 115.0 0.12346993041413888
 116.0 0.12346492370336014
 117.0 0.12345988509247674
 118.0 0.12345481438698955
 119.0 0.12344971139069423
 120.0 0.12344457590566327
 121.0 0.12343940773222811
 122.0 0.12343420666896057
 123.0 0.12342897251265389
 124.0 0.12342370505830348
 125.0 0.12341840409908765
 126.0 0.12341306942634729
 127.0 0.12340770082956595
 128.0 0.12340229809634888
 129.0 0.12339686101240244
 130.0 0.12339138936151237
 131.0 0.12338588292552238
 132.0 0.12338034148431193
 133.0 0.12337476481577374
 134.0 0.123369152695791
 135.0 0.1233635048982142
 136.0 0.12335782119483751
 137.0 0.12335210135537449
 138.0 0.12334634514743414
 139.0 0.12334055233649555
 140.0 0.12333472268588279
 141.0 0.12332885595673947
 142.0 0.12332295190800208
 143.0 0.12331701029637379
 144.0 0.12331103087629704
 145.0 0.12330501339992637
 146.0 0.12329895761710002
 147.0 0.12329286327531153
 148.0 0.12328673011968085
 149.0 0.12328055789292473
 150.0 0.12327434633532651
 151.0 0.12326809518470577
 152.0 0.12326180417638696
 153.0 0.12325547304316796
 154.0 0.12324910151528765
 155.0 0.12324268932039309
 156.0 0.12323623618350624
 157.0 0.12322974182698962
 158.0 0.12322320597051205
 159.0 0.12321662833101316
 160.0 0.12321000862266736
 161.0 0.1232033465568475
 162.0 0.12319664184208758
 163.0 0.12318989418404458
 164.0 0.12318310328546019
 165.0 0.12317626884612112
 166.0 0.12316939056281921
 167.0 0.12316246812931071
 168.0 0.12315550123627438
 169.0 0.12314848957126935
 170.0 0.12314143281869183
 171.0 0.12313433065973131
 172.0 0.12312718277232555
 173.0 0.12311998883111493
 174.0 0.12311274850739608
 175.0 0.12310546146907438
 176.0 0.12309812738061553
 177.0 0.12309074590299642
 178.0 0.12308331669365491
 179.0 0.12307583940643854
 180.0 0.12306831369155254
 181.0 0.1230607391955065
 182.0 0.12305311556106026
 183.0 0.12304544242716864
 184.0 0.1230377194289249
 185.0 0.12302994619750353
 186.0 0.12302212236010146
 187.0 0.12301424753987857
 188.0 0.1230063213558962
 189.0 0.12299834342305578
 190.0 0.12299031335203461
 191.0 0.12298223074922202
 192.0 0.12297409521665274
 193.0 0.12296590635193992
 194.0 0.12295766374820666
 195.0 0.12294936699401568
 196.0 0.12294101567329811
 197.0 0.1229326093652804
 198.0 0.12292414764441024
 199.0 0.12291563008028036
 200.0 0.1229070562375514
 201.0 0.12289842567587264
 202.0 0.12288973794980143
 203.0 0.122880992608721
 204.0 0.12287218919675627
 205.0 0.12286332725268821
 206.0 0.12285440630986613
 207.0 0.12284542589611874
 208.0 0.1228363855336624
 209.0 0.12282728473900842
 210.0 0.12281812302286786
 211.0 0.1228088998900542
 212.0 0.12279961483938463
 213.0 0.12279026736357865
 214.0 0.1227808569491546
 215.0 0.12277138307632443
 216.0 0.12276184521888558
 217.0 0.12275224284411113
 218.0 0.12274257541263738
 219.0 0.12273284237834889
 220.0 0.1227230431882613
 221.0 0.12271317728240144
 222.0 0.12270324409368522
 223.0 0.12269324304779214
 224.0 0.12268317356303815
 225.0 0.12267303505024464
 226.0 0.12266282691260562
 227.0 0.12265254854555126
 228.0 0.12264219933660869
 229.0 0.12263177866526
 230.0 0.12262128590279697
 231.0 0.12261072041217243
 232.0 0.12260008154784875
 233.0 0.12258936865564272
 234.0 0.12257858107256703
 235.0 0.12256771812666857
 236.0 0.12255677913686272
 237.0 0.12254576341276456
 238.0 0.12253467025451559
 239.0 0.1225234989526073
 240.0 0.12251224878770048
 241.0 0.12250091903044073
 242.0 0.1224895089412697
 243.0 0.12247801777023216
 244.0 0.12246644475677884
 245.0 0.12245478912956488
 246.0 0.12244305010624386
 247.0 0.12243122689325693
 248.0 0.12241931868561774
 249.0 0.1224073246666919
 250.0 0.12239524400797215
 251.0 0.12238307586884835
 252.0 0.12237081939637152
 253.0 0.1223584737250143
 254.0 0.122346037976424
 255.0 0.12233351125917176
 256.0 0.12232089266849518
 257.0 0.1223081812860354
 258.0 0.12229537617956851
 259.0 0.12228247640273038
 260.0 0.12226948099473586
 261.0 0.1222563889800915
 262.0 0.12224319936830155
 263.0 0.12222991115356785
 264.0 0.12221652331448228
 265.0 0.12220303481371315
 266.0 0.12218944459768395
 267.0 0.12217575159624493
 268.0 0.12216195472233747
 269.0 0.12214805287165115
 270.0 0.12213404492227245
 271.0 0.12211992973432632
 272.0 0.12210570614960922
 273.0 0.12209137299121436
 274.0 0.12207692906314822
 275.0 0.12206237314993854
 276.0 0.12204770401623398
 277.0 0.12203292040639441
 278.0 0.12201802104407221
 279.0 0.12200300463178465
 280.0 0.12198786985047617
 281.0 0.12197261535907156
 282.0 0.12195723979401905
 283.0 0.12194174176882316
 284.0 0.12192611987356763
 285.0 0.12191037267442799
 286.0 0.12189449871317283
 287.0 0.12187849650665497
 288.0 0.12186236454629112
 289.0 0.12184610129753061
 290.0 0.1218297051993121
 291.0 0.12181317466350935
 292.0 0.12179650807436468
 293.0 0.12177970378791018
 294.0 0.12176276013137731
 295.0 0.12174567540259326
 296.0 0.12172844786936494
 297.0 0.12171107576885024
 298.0 0.12169355730691592
 299.0 0.12167589065748226
 300.0 0.12165807396185423
 301.0 0.12164010532803911
 302.0 0.12162198283004996
 303.0 0.12160370450719518
 304.0 0.1215852683633538
 305.0 0.12156667236623638
 306.0 0.12154791444663104
 307.0 0.12152899249763531
 308.0 0.12150990437387214
 309.0 0.12149064789069196
 310.0 0.12147122082335841
 311.0 0.12145162090621962
 312.0 0.1214318458318632
 313.0 0.1214118932502566
 314.0 0.12139176076787082
 315.0 0.12137144594678911
 316.0 0.12135094630379926
 317.0 0.12133025930947067
 318.0 0.12130938238721484
 319.0 0.12128831291233035
 320.0 0.12126704821103163
 321.0 0.1212455855594622
 322.0 0.12122392218269196
 323.0 0.12120205525369837
 324.0 0.12117998189233227
 325.0 0.12115769916426823
 326.0 0.1211352040799395
 327.0 0.12111249359345758
 328.0 0.1210895646015171
 329.0 0.12106641394228591
 330.0 0.1210430383942809
 331.0 0.12101943467522977
 332.0 0.12099559944091916
 333.0 0.12097152928402975
 334.0 0.12094722073295862
 335.0 0.12092267025062949
 336.0 0.12089787423329129
 337.0 0.12087282900930656
 338.0 0.12084753083792878
 339.0 0.12082197590807109
 340.0 0.1207961603370664
 341.0 0.12077008016941991
 342.0 0.12074373137555519
 343.0 0.12071710985055506
 344.0 0.12069021141289782
 345.0 0.12066303180319117
 346.0 0.12063556668290423
 347.0 0.12060781163309954
 348.0 0.12057976215316656
 349.0 0.12055141365955856
 350.0 0.1205227614845343
 351.0 0.12049380087490663
 352.0 0.12046452699080033
 353.0 0.12043493490442064
 354.0 0.12040501959883568
 355.0 0.12037477596677426
 356.0 0.12034419880944275
 357.0 0.12031328283536245
 358.0 0.12028202265923205
 359.0 0.12025041280081585
 360.0 0.12021844768386376
 361.0 0.12018612163506434
 362.0 0.12015342888303511
 363.0 0.12012036355735435
 364.0 0.12008691968763772
 365.0 0.1200530912026639
 366.0 0.12001887192955406
 367.0 0.11998425559300907
 368.0 0.11994923581460967
 369.0 0.11991380611218425
 370.0 0.11987795989924939
 371.0 0.11984169048452871
 372.0 0.11980499107155589
 373.0 0.11976785475836643
 374.0 0.11973027453728628
 375.0 0.11969224329482134
 376.0 0.11965375381165566
 377.0 0.1196147987627654
 378.0 0.11957537071765369
 379.0 0.11953546214071523
 380.0 0.11949506539173779
 381.0 0.1194541727265466
 382.0 0.11941277629780155
 383.0 0.1193708681559538
 384.0 0.11932844025037001
 385.0 0.11928548443063289
 386.0 0.11924199244802627
 387.0 0.11919795595721372
 388.0 0.11915336651811848
 389.0 0.11910821559801456
 390.0 0.11906249457383727
 391.0 0.1190161947347229
 392.0 0.1189693072847852
 393.0 0.1189218233461395
 394.0 0.11887373396218177
 395.0 0.11882503010113295
 396.0 0.11877570265985647
 397.0 0.11872574246795804
 398.0 0.11867514029217663
 399.0 0.11862388684107403
 400.0 0.11857197277003229
 401.0 0.11851938868656559
 402.0 0.1184661251559551
 403.0 0.11841217270721248
 404.0 0.11835752183937989
 405.0 0.11830216302817112
 406.0 0.11824608673295986
 407.0 0.11818928340411984
 408.0 0.11813174349071957
 409.0 0.11807345744857628
 410.0 0.11801441574866922
 411.0 0.11795460888591527
 412.0 0.11789402738830519
 413.0 0.11783266182640029
 414.0 0.11777050282318652
 415.0 0.1177075410642825
 416.0 0.11764376730849602
 417.0 0.11757917239872223
 418.0 0.11751374727317576
 419.0 0.11744748297694528
 420.0 0.11738037067386085
 421.0 0.11731240165865828
 422.0 0.11724356736942639
 423.0 0.11717385940031955
 424.0 0.11710326951451483
 425.0 0.11703178965739354
 426.0 0.11695941196992234
 427.0 0.11688612880220874
 428.0 0.11681193272720188
 429.0 0.11673681655450889
 430.0 0.11666077334429387
 431.0 0.1165837964212247
 432.0 0.11650587938843002
 433.0 0.11642701614142807
 434.0 0.11634720088198458
 435.0 0.11626642813185753
 436.0 0.11618469274638184
 437.0 0.116101989927848
 438.0 0.11601831523862434
 439.0 0.11593366461397227
 440.0 0.1158480343745029
 441.0 0.11576142123822057
 442.0 0.11567382233209912
 443.0 0.11558523520313527
 444.0 0.11549565782882257
 445.0 0.11540508862699024
 446.0 0.1153135264649493
 447.0 0.11522097066789008
 448.0 0.11512742102647533
 449.0 0.11503287780357364
 450.0 0.11493734174007905
 451.0 0.11484081405976544
 452.0 0.11474329647312403
 453.0 0.1146447911801375
 454.0 0.11454530087194288
 455.0 0.11444482873134344
 456.0 0.11434337843212838
 457.0 0.11424095413716567
 458.0 0.11413756049523717
 459.0 0.1140332026365884
 460.0 0.1139278861671713
 461.0 0.11382161716156312
 462.0 0.11371440215454923
 463.0 0.11360624813136423
 464.0 0.11349716251659028
 465.0 0.11338715316171963
 466.0 0.1132762283313917
 467.0 0.11316439668832327
 468.0 0.113051667276957
 469.0 0.11293804950585692
 470.0 0.11282355312888993
 471.0 0.1127081882252344
 472.0 0.1125919651782665
 473.0 0.11247489465337848
 474.0 0.11235698757478918
 475.0 0.11223825510141348
 476.0 0.11211870860186093
 477.0 0.11199835962863933
 478.0 0.1118772198916429
 479.0 0.11175530123100867
 480.0 0.11163261558942712
 481.0 0.11150917498399743
 482.0 0.11138499147771784
 483.0 0.11126007715070477
 484.0 0.11113444407123431
 485.0 0.11100810426670081
 486.0 0.11088106969458628
 487.0 0.1107533522135339
 488.0 0.11062496355461798
 489.0 0.11049591529289851
 490.0 0.11036621881935002
 491.0 0.1102358853132456
 492.0 0.11010492571508015
 493.0 0.10997335070010522
 494.0 0.10984117065255115
 495.0 0.10970839564060124
 496.0 0.10957503539218102
 497.0 0.1094410992716194
 498.0 0.10930659625723241
 499.0 0.10917153491987665
 500.0 0.1090359234025108
 501.0 0.1088997694008011
 502.0 0.10876308014479935
 503.0 0.10862586238171694
 504.0 0.1084881223598135
 505.0 0.10834986581341395
 506.0 0.1082110979490625
 507.0 0.10807182343281856
 508.0 0.10793204637869543
 509.0 0.1077917703382392
 510.0 0.10765099829124147
 511.0 0.10750973263757971
 512.0 0.10736797519017242
 513.0 0.10722572716903961
 514.0 0.1070829891964554
 515.0 0.10693976129317796
 516.0 0.10679604287574553
 517.0 0.10665183275482351
 518.0 0.10650712913459161
 519.0 0.10636192961315882
 520.0 0.10621623118399656
 521.0 0.10607003023838289
 522.0 0.10592332256885002
 523.0 0.10577610337363304
 524.0 0.10562836726211722
 525.0 0.10548010826128516
 526.0 0.10533131982316749
 527.0 0.10518199483330307
 528.0 0.10503212562021669
 529.0 0.10488170396592589
 530.0 0.1047307211174884
 531.0 0.104579167799607
 532.0 0.10442703422830589
 533.0 0.10427431012569945
 534.0 0.10412098473586946
 535.0 0.10396704684187277
 536.0 0.10381248478389865
 537.0 0.10365728647859566
 538.0 0.10350143943958756
 539.0 0.10334493079919832
 540.0 0.10318774733140017
 541.0 0.1030298754760041
 542.0 0.10287130136410293
 543.0 0.10271201084477802
 544.0 0.10255198951307772
 545.0 0.10239122273927012
 546.0 0.10222969569937025
 547.0 0.10206739340693674
 548.0 0.10190430074612836
 549.0 0.10174040250600659
 550.0 0.10157568341606278
 551.0 0.1014101281829464
 552.0 0.10124372152836074
 553.0 0.10107644822809012
 554.0 0.10090829315211354
 555.0 0.1007392413057554
 556.0 0.10056927787181599
 557.0 0.10039838825361827
 558.0 0.10022655811890101
 559.0 0.10005377344448227
 560.0 9.988002056160886e-2
 561.0 9.970528620190393e-2
 562.0 9.952955754381465e-2
 563.0 9.935282225946006e-2
 564.0 9.917506856176977e-2
 565.0 9.89962852518005e-2
 566.0 9.881646176611042e-2
 567.0 9.863558822406887e-2
 568.0 9.845365547497095e-2
 569.0 9.827065514482385e-2
 570.0 9.808657968266887e-2
 571.0 9.790142240629732e-2
 572.0 9.77151775472161e-2
 573.0 9.752784029471896e-2
 574.0 9.733940683891144e-2
 575.0 9.714987441254459e-2
 576.0 9.695924133150254e-2
 577.0 9.676750703379576e-2
 578.0 9.657467211690893e-2
 579.0 9.638073837335397e-2
 580.0 9.618570882428155e-2
 581.0 9.598958775100401e-2
 582.0 9.57923807242892e-2
 583.0 9.559409463128604e-2
 584.0 9.539473769994744e-2
 585.0 9.519431952082173e-2
 586.0 9.499285106609007e-2
 587.0 9.479034470573089e-2
 588.0 9.458681422070483e-2
 589.0 9.438227481305445e-2
 590.0 9.41767431128284e-2
 591.0 9.397023718174327e-2
 592.0 9.37627765135089e-2
 593.0 9.355438203075123e-2
 594.0 9.33450760784805e-2
 595.0 9.31348824140579e-2
 596.0 9.292382619363294e-2
 597.0 9.271193395502807e-2
 598.0 9.249923359706552e-2
 599.0 9.228575435533991e-2
 600.0 9.207152677445421e-2
 601.0 9.185658267675093e-2
 602.0 9.164095512758018e-2
 603.0 9.142467839716338e-2
 604.0 9.120778791912053e-2
 605.0 9.099032024574527e-2
 606.0 9.077231300012222e-2
 607.0 9.055380482519508e-2
 608.0 9.033483532990616e-2
 609.0 9.011544503253897e-2
 610.0 8.98956753014094e-2
 611.0 8.967556829305794e-2
 612.0 8.945516688811046e-2
 613.0 8.923451462498168e-2
 614.0 8.901365563160608e-2
 615.0 8.879263455538919e-2
 616.0 8.857149649157844e-2
 617.0 8.835028691026416e-2
 618.0 8.812905158221944e-2
 619.0 8.790783650380181e-2
 620.0 8.768668782113534e-2
 621.0 8.746565175380186e-2
 622.0 8.72447745182671e-2
 623.0 8.702410225127213e-2
 624.0 8.68036809334178e-2
 625.0 8.658355631317217e-2
 626.0 8.636377383152728e-2
 627.0 8.614437854752671e-2
 628.0 8.592541506488809e-2
 629.0 8.570692745993136e-2
 630.0 8.548895921102626e-2
 631.0 8.527155312975891e-2
 632.0 8.505475129401563e-2
 633.0 8.483859498317015e-2
 634.0 8.462312461555357e-2
 635.0 8.44083796883746e-2
 636.0 8.419439872025185e-2
 637.0 8.39812191965018e-2
 638.0 8.37688775173231e-2
 639.0 8.355740894899835e-2
 640.0 8.334684757822881e-2
 641.0 8.313722626969912e-2
 642.0 8.292857662696139e-2
 643.0 8.272092895671075e-2
 644.0 8.251431223651559e-2
 645.0 8.230875408604749e-2
 646.0 8.210428074184749e-2
 647.0 8.190091703565003e-2
 648.0 8.16986863762716e-2
 649.0 8.149761073506126e-2
 650.0 8.129771063489578e-2
 651.0 8.109900514269082e-2
 652.0 8.090151186538597e-2
 653.0 8.070524694935345e-2
 654.0 8.051022508316534e-2
 655.0 8.03164595036459e-2
 656.0 8.012396200512653e-2
 657.0 7.993274295180892e-2
 658.0 7.974281129313286e-2
 659.0 7.955417458204293e-2
 660.0 7.936683899603093e-2
 661.0 7.918080936083279e-2
 662.0 7.899608917664767e-2
 663.0 7.881268064674313e-2
 664.0 7.863058470830281e-2
 665.0 7.844980106537454e-2
 666.0 7.827032822376644e-2
 667.0 7.809216352773932e-2
 668.0 7.79153031983436e-2
 669.0 7.7739742373241e-2
 670.0 7.756547514785801e-2
 671.0 7.73924946177128e-2
 672.0 7.722079292175803e-2
 673.0 7.705036128658696e-2
 674.0 7.688119007134699e-2
 675.0 7.671326881321046e-2
 676.0 7.654658627325152e-2
 677.0 7.638113048258811e-2
 678.0 7.62168887886408e-2
 679.0 7.605384790137765e-2
 680.0 7.589199393940534e-2
 681.0 7.573131247578346e-2
 682.0 7.557178858343484e-2
 683.0 7.541340688003842e-2
 684.0 7.525615157228864e-2
 685.0 7.510000649942077e-2
 686.0 7.494495517589758e-2
 687.0 7.479098083317028e-2
 688.0 7.463806646042272e-2
 689.0 7.448619484422332e-2
 690.0 7.433534860700962e-2
 691.0 7.418551024434071e-2
 692.0 7.403666216085984e-2
 693.0 7.388878670491389e-2
 694.0 7.37418662017833e-2
 695.0 7.359588298548805e-2
 696.0 7.345081942913409e-2
 697.0 7.330665797377489e-2
 698.0 7.316338115577219e-2
 699.0 7.302097163263983e-2
 700.0 7.28794122073645e-2
 701.0 7.273868585120195e-2
 702.0 7.259877572495402e-2
 703.0 7.245966519873305e-2
 704.0 7.232133787023128e-2
 705.0 7.21837775815105e-2
 706.0 7.204696843433851e-2
 707.0 7.191089480409789e-2
 708.0 7.177554135229751e-2
 709.0 7.164089303772375e-2
 710.0 7.150693512626716e-2
 711.0 7.137365319946468e-2
 712.0 7.12410331618036e-2
 713.0 7.11090612468284e-2
 714.0 7.097772402210087e-2
 715.0 7.084700839306066e-2
 716.0 7.071690160583748e-2
 717.0 7.058739124906535e-2
 718.0 7.045846525475194e-2
 719.0 7.033011189825321e-2
 720.0 7.020231979741023e-2
 721.0 7.007507791089662e-2
 722.0 6.994837553583243e-2
 723.0 6.982220230471389e-2
 724.0 6.969654818171454e-2
 725.0 6.95714034584038e-2
 726.0 6.944675874893677e-2
 727.0 6.932260498476084e-2
 728.0 6.919893340889043e-2
 729.0 6.907573556979023e-2
 730.0 6.895300331491759e-2
 731.0 6.8830728783963e-2
 732.0 6.87089044018297e-2
 733.0 6.858752287139563e-2
 734.0 6.846657716609157e-2
 735.0 6.834606052233158e-2
 736.0 6.822596643183265e-2
 737.0 6.810628863385187e-2
 738.0 6.79870211073734e-2
 739.0 6.786815806327298e-2
 740.0 6.774969393648478e-2
 741.0 6.763162337819763e-2
 742.0 6.751394124809991e-2
 743.0 6.739664260669591e-2
 744.0 6.727972270771235e-2
 745.0 6.71631769906098e-2
 746.0 6.704700107321848e-2
 747.0 6.693119074450767e-2
 748.0 6.681574195750414e-2
 749.0 6.6700650822369e-2
 750.0 6.658591359964221e-2
 751.0 6.647152669366266e-2
 752.0 6.635748664617072e-2
 753.0 6.624379013009807e-2
 754.0 6.61304339435493e-2
 755.0 6.601741500397851e-2
 756.0 6.590473034256275e-2
 757.0 6.579237709877349e-2
 758.0 6.568035251514695e-2
 759.0 6.556865393225193e-2
 760.0 6.545727878385467e-2
 761.0 6.534622459227933e-2
 762.0 6.523548896395967e-2
 763.0 6.5125069585182e-2
 764.0 6.501496421801253e-2
 765.0 6.49051706964097e-2
 766.0 6.479568692251123e-2
 767.0 6.468651086309854e-2
 768.0 6.457764054622755e-2
 769.0 6.446907405802395e-2
 770.0 6.436080953963977e-2
 771.0 6.42528451843584e-2
 772.0 6.414517923485434e-2
 773.0 6.403780998058986e-2
 774.0 6.39307357553535e-2
 775.0 6.382395493492705e-2
 776.0 6.371746593488141e-2
 777.0 6.361126720849243e-2
 778.0 6.350535724477237e-2
 779.0 6.339973456661188e-2
 780.0 6.329439772902823e-2
 781.0 6.318934531751144e-2
 782.0 6.3084575946469e-2
 783.0 6.298008825775755e-2
 784.0 6.287588091930318e-2
 785.0 6.2771952623802e-2
 786.0 6.26683020874975e-2
 787.0 6.256492804903027e-2
 788.0 6.246182926835881e-2
 789.0 6.235900452574213e-2
 790.0 6.225645262078483e-2
 791.0 6.21541723715416e-2
 792.0 6.205216261367231e-2
 793.0 6.195042219965136e-2
 794.0 6.184894999802272e-2
 795.0 6.174774489270195e-2
 796.0 6.1646805782318584e-2
 797.0 6.154613157959924e-2
 798.0 6.144572121078753e-2
 799.0 6.13455736150987e-2
 800.0 6.1245687744206904e-2
 801.0 6.114606256176343e-2
 802.0 6.104669704294143e-2
 803.0 6.094759017401059e-2
 804.0 6.084874095193377e-2
 805.0 6.075014838398845e-2
 806.0 6.0651811487408974e-2
 807.0 6.05537292890508e-2
 808.0 6.0455900825071116e-2
 809.0 6.0358325140629776e-2
 810.0 6.026100128960511e-2
 811.0 6.0163928334325545e-2
 812.0 6.006710534531664e-2
 813.0 5.9970531401060276e-2
 814.0 5.9874205587766405e-2
 815.0 5.977812699915804e-2
 816.0 5.9682294736266385e-2
 817.0 5.958670790723554e-2
 818.0 5.9491365627137596e-2
 819.0 5.939626701779752e-2
 820.0 5.9301411207624645e-2
 821.0 5.920679733145306e-2
 822.0 5.911242453038994e-2
 823.0 5.901829195167011e-2
 824.0 5.8924398748516904e-2
 825.0 5.8830744080009344e-2
 826.0 5.8737327110955674e-2
 827.0 5.8644147011771765e-2
 828.0 5.855120295836481e-2
 829.0 5.8458494132020436e-2
 830.0 5.836601971929752e-2
 831.0 5.827377891192359e-2
 832.0 5.818177090669703e-2
 833.0 5.8089994905391046e-2
 834.0 5.7998450114663105e-2
 835.0 5.7907135745966565e-2
 836.0 5.781605101546497e-2
 837.0 5.7725195143951746e-2
 838.0 5.763456735676963e-2
 839.0 5.7544166883735946e-2
 840.0 5.7453992959067834e-2
 841.0 5.736404482131208e-2
 842.0 5.727432171327547e-2
 843.0 5.7184822881959606e-2
 844.0 5.709554757849528e-2
 845.0 5.700649505808109e-2
 846.0 5.691766457992226e-2
 847.0 5.68290554071734e-2
 848.0 5.674066680688093e-2
 849.0 5.665249804992858e-2
 850.0 5.656454841098384e-2
 851.0 5.647681716844636e-2
 852.0 5.638930360439799e-2
 853.0 5.630200700455322e-2
 854.0 5.6214926658213135e-2
 855.0 5.6128061858218246e-2
 856.0 5.6041411900903754e-2
 857.0 5.595497608605709e-2
 858.0 5.586875371687456e-2
 859.0 5.57827440999199e-2
 860.0 5.5696946545085654e-2
 861.0 5.5611360365552254e-2
 862.0 5.5525984877751615e-2
 863.0 5.544081940132915e-2
 864.0 5.5355863259108025e-2
 865.0 5.5271115777053355e-2
 866.0 5.5186576284239425e-2
 867.0 5.510224411281373e-2
 868.0 5.501811859796763e-2
 869.0 5.4934199077900994e-2
 870.0 5.4850484893794016e-2
 871.0 5.4766975389775215e-2
 872.0 5.4683669912892245e-2
 873.0 5.4600567813083464e-2
 874.0 5.451766844314886e-2
 875.0 5.443497115872306e-2
 876.0 5.435247531824802e-2
 877.0 5.427018028294648e-2
 878.0 5.418808541679718e-2
 879.0 5.410619008650831e-2
 880.0 5.4024493661493714e-2
 881.0 5.3942995513848326e-2
 882.0 5.386169501832493e-2
 883.0 5.378059155231076e-2
 884.0 5.3699684495805054e-2
 885.0 5.3618973231396305e-2
 886.0 5.353845714424214e-2
 887.0 5.345813562204599e-2
 888.0 5.337800805503716e-2
 889.0 5.32980738359514e-2
 890.0 5.321833236000924e-2
 891.0 5.313878302489765e-2
 892.0 5.305942523074998e-2
 893.0 5.2980258380127036e-2
 894.0 5.290128187799997e-2
 895.0 5.28224951317302e-2
 896.0 5.274389755105271e-2
 897.0 5.266548854805864e-2
 898.0 5.258726753717749e-2
 899.0 5.250923393516035e-2
 900.0 5.243138716106435e-2
 901.0 5.2353726636234804e-2
 902.0 5.2276251784290205e-2
 903.0 5.219896203110732e-2
 904.0 5.212185680480309e-2
 905.0 5.20449355357224e-2
 906.0 5.1968197656421515e-2
 907.0 5.1891642601653756e-2
 908.0 5.181526980835493e-2
 909.0 5.173907871563023e-2
 910.0 5.1663068764738126e-2
 911.0 5.158723939907879e-2
 912.0 5.151159006417892e-2
 913.0 5.143612020767985e-2
 914.0 5.1360829279323325e-2
 915.0 5.128571673093877e-2
 916.0 5.121078201643125e-2
 917.0 5.1136024591768275e-2
 918.0 5.106144391496748e-2
 919.0 5.098703944608504e-2
 920.0 5.0912810647203065e-2
 921.0 5.083875698241786e-2
 922.0 5.076487791782858e-2
 923.0 5.0691172921525626e-2
 924.0 5.061764146357904e-2
 925.0 5.054428301602781e-2
 926.0 5.047109705286845e-2
 927.0 5.039808305004406e-2
 928.0 5.032524048543425e-2
 929.0 5.025256883884348e-2
 930.0 5.0180067591991645e-2
 931.0 5.0107736228503355e-2
 932.0 5.003557423389719e-2
 933.0 4.9963581095576574e-2
 934.0 4.989175630281925e-2
 935.0 4.9820099346767344e-2
 936.0 4.974860972041808e-2
 937.0 4.967728691861422e-2
 938.0 4.9606130438034e-2
 939.0 4.9535139777182255e-2
 940.0 4.9464314436380954e-2
 941.0 4.93936539177602e-2
 942.0 4.9323157725249034e-2
 943.0 4.925282536456671e-2
 944.0 4.918265634321349e-2
 945.0 4.9112650170461576e-2
 946.0 4.904280635734804e-2
 947.0 4.897312441666409e-2
 948.0 4.890360386294795e-2
 949.0 4.88342442124766e-2
 950.0 4.8765044983256206e-2
 951.0 4.869600569501516e-2
 952.0 4.862712586919538e-2
 953.0 4.855840502894434e-2
 954.0 4.8489842699106854e-2
 955.0 4.842143840621793e-2
 956.0 4.835319167849355e-2
 957.0 4.828510204582427e-2
 958.0 4.821716903976704e-2
 959.0 4.814939219353748e-2
 960.0 4.8081771042002466e-2
 961.0 4.8014305121672e-2
 962.0 4.79469939706935e-2
 963.0 4.787983712884239e-2
 964.0 4.781283413751574e-2
 965.0 4.774598453972612e-2
 966.0 4.767928788009232e-2
 967.0 4.761274370483387e-2
 968.0 4.7546351561763164e-2
 969.0 4.74801110002793e-2
 970.0 4.741402157136009e-2
 971.0 4.734808282755568e-2
 972.0 4.728229432298253e-2
 973.0 4.721665561331512e-2
 974.0 4.715116625578057e-2
 975.0 4.70858258091514e-2
 976.0 4.702063383373852e-2
 977.0 4.695558989138586e-2
 978.0 4.68906935454629e-2
 979.0 4.682594436085859e-2
 980.0 4.67613419039743e-2
 981.0 4.669688574271882e-2
 982.0 4.66325754465007e-2
 983.0 4.656841058622245e-2
 984.0 4.650439073427469e-2
 985.0 4.644051546453e-2
 986.0 4.6376784352335575e-2
 987.0 4.631319697450861e-2
 988.0 4.6249752909329554e-2
 989.0 4.618645173653607e-2
 990.0 4.6123293037317374e-2
 991.0 4.606027639430783e-2
 992.0 4.5997401391581635e-2
 993.0 4.5934667614646735e-2
 994.0 4.587207465043863e-2
 995.0 4.580962208731494e-2
 996.0 4.574730951505014e-2
 997.0 4.56851365248287e-2
 998.0 4.562310270924061e-2
 999.0 4.5561207662274936e-2
 1000.0 4.549945097931448e-2
 1001.0 4.543783225713042e-2
 1002.0 4.5376351093876235e-2
 1003.0 4.5315007089082975e-2
 1004.0 4.525379984365309e-2
 1005.0 4.519272895985568e-2
 1006.0 4.513179404132007e-2
 1007.0 4.5070994693031545e-2
 1008.0 4.501033052132524e-2
 1009.0 4.494980113388168e-2
 1010.0 4.488940613972007e-2
 1011.0 4.482914514919486e-2
 1012.0 4.476901777398877e-2
 1013.0 4.4709023627108914e-2
 1014.0 4.464916232288099e-2
 1015.0 4.458943347694418e-2
 1016.0 4.452983670624641e-2
 1017.0 4.447037162903873e-2
 1018.0 4.4411037864871016e-2
 1019.0 4.435183503458564e-2
 1020.0 4.429276276031454e-2
 1021.0 4.423382066547155e-2
 1022.0 4.4175008374750184e-2
 1023.0 4.411632551411694e-2
 1024.0 4.405777171080678e-2
 1025.0 4.39993465933187e-2
 1026.0 4.394104979141041e-2
 1027.0 4.388288093609365e-2
 1028.0 4.382483965962944e-2
 1029.0 4.3766925595523615e-2
 1030.0 4.370913837852149e-2
 1031.0 4.365147764460337e-2
 1032.0 4.359394303097989e-2
 1033.0 4.353653417608759e-2
 1034.0 4.3479250719583584e-2
 1035.0 4.342209230234165e-2
 1036.0 4.336505856644743e-2
 1037.0 4.3308149155192995e-2
 1038.0 4.325136371307418e-2
 1039.0 4.319470188578386e-2
 1040.0 4.313816332020892e-2
 1041.0 4.308174766442492e-2
 1042.0 4.302545456769234e-2
 1043.0 4.296928368045168e-2
 1044.0 4.291323465431859e-2
 1045.0 4.285730714208068e-2
 1046.0 4.280150079769176e-2
 1047.0 4.274581527626833e-2
 1048.0 4.2690250234085084e-2
 1049.0 4.26348053285702e-2
 1050.0 4.257948021830114e-2
 1051.0 4.252427456300153e-2
 1052.0 4.246918802353403e-2
 1053.0 4.2414220261899456e-2
 1054.0 4.235937094123019e-2
 1055.0 4.230463972578696e-2
 1056.0 4.2250026280954193e-2
 1057.0 4.219553027323641e-2
 1058.0 4.21411513702531e-2
 1059.0 4.2086889240735566e-2
 1060.0 4.2032743554522425e-2
 1061.0 4.197871398255519e-2
 1062.0 4.192480019687434e-2
 1063.0 4.187100187061552e-2
 1064.0 4.1817318678005255e-2
 1065.0 4.176375029435716e-2
 1066.0 4.1710296396067034e-2
 1067.0 4.165695666061017e-2
 1068.0 4.1603730766536486e-2
 1069.0 4.1550618393466125e-2
 1070.0 4.1497619222087424e-2
 1071.0 4.144473293415056e-2
 1072.0 4.139195921246474e-2
 1073.0 4.133929774089521e-2
 1074.0 4.1286748204357904e-2
 1075.0 4.123431028881528e-2
 1076.0 4.1181983681274986e-2
 1077.0 4.112976806978256e-2
 1078.0 4.1077663143420734e-2
 1079.0 4.1025668592303506e-2
 1080.0 4.097378410757306e-2
 1081.0 4.0922009381396306e-2
 1082.0 4.0870344106960436e-2
 1083.0 4.0818787978470134e-2
 1084.0 4.0767340691142295e-2
 1085.0 4.071600194120444e-2
 1086.0 4.066477142588844e-2
 1087.0 4.0613648843429835e-2
 1088.0 4.056263389306099e-2
 1089.0 4.051172627500964e-2
 1090.0 4.0460925690494996e-2
 1091.0 4.041023184172305e-2
 1092.0 4.035964443188357e-2
 1093.0 4.030916316514723e-2
 1094.0 4.0258787746660495e-2
 1095.0 4.0208517882543496e-2
 1096.0 4.015835327988556e-2
 1097.0 4.010829364674198e-2
 1098.0 4.005833869213048e-2
 1099.0 4.000848812602774e-2
 1100.0 3.995874165936555e-2
 1101.0 3.990909900402837e-2
 1102.0 3.9859559872847894e-2
 1103.0 3.981012397960179e-2
 1104.0 3.976079103900888e-2
 1105.0 3.971156076672594e-2
 1106.0 3.966243287934473e-2
 1107.0 3.9613407094387626e-2
 1108.0 3.956448313030603e-2
 1109.0 3.951566070647451e-2
 1110.0 3.946693954318954e-2
 1111.0 3.941831936166533e-2
 1112.0 3.936979988402978e-2
 1113.0 3.9321380833323115e-2
 1114.0 3.927306193349216e-2
 1115.0 3.922484290938911e-2
 1116.0 3.9176723486766554e-2
 1117.0 3.912870339227532e-2
 1118.0 3.9080782353461366e-2
 1119.0 3.903296009876151e-2
 1120.0 3.8985236357500536e-2
 1121.0 3.893761085988836e-2
 1122.0 3.8890083337017226e-2
 1123.0 3.884265352085697e-2
 1124.0 3.87953211442531e-2
 1125.0 3.8748085940923535e-2
 1126.0 3.870094764545482e-2
 1127.0 3.8653905993299674e-2
 1128.0 3.8606960720773006e-2
 1129.0 3.8560111565049626e-2
 1130.0 3.8513358264160975e-2
 1131.0 3.8466700556991286e-2
 1132.0 3.842013818327604e-2
 1133.0 3.837367088359664e-2
 1134.0 3.83272983993793e-2
 1135.0 3.8281020472891614e-2
 1136.0 3.8234836847238184e-2
 1137.0 3.818874726635948e-2
 1138.0 3.8142751475027506e-2
 1139.0 3.809684921884374e-2
 1140.0 3.805104024423467e-2
 1141.0 3.8005324298450494e-2
 1142.0 3.7959701129561124e-2
 1143.0 3.791417048645368e-2
 1144.0 3.786873211882888e-2
 1145.0 3.7823385777199396e-2
 1146.0 3.7778131212885396e-2
 1147.0 3.773296817801251e-2
 1148.0 3.768789642550873e-2
 1149.0 3.7642915709101936e-2
 1150.0 3.759802578331579e-2
 1151.0 3.75532264034686e-2
 1152.0 3.7508517325668726e-2
 1153.0 3.746389830681304e-2
 1154.0 3.741936910458344e-2
 1155.0 3.7374929477444134e-2
 1156.0 3.733057918463881e-2
 1157.0 3.728631798618788e-2
 1158.0 3.724214564288554e-2
 1159.0 3.719806191629772e-2
 1160.0 3.715406656875791e-2
 1161.0 3.7110159363365244e-2
 1162.0 3.706634006398233e-2
 1163.0 3.7022608435231114e-2
 1164.0 3.697896424249157e-2
 1165.0 3.69354072518975e-2
 1166.0 3.689193723033537e-2
 1167.0 3.684855394544011e-2
 1168.0 3.680525716559382e-2
 1169.0 3.676204665992213e-2
 1170.0 3.6718922198291704e-2
 1171.0 3.667588355130759e-2
 1172.0 3.663293049031145e-2
 1173.0 3.6590062787376844e-2
 1174.0 3.654728021530911e-2
 1175.0 3.650458254764065e-2
 1176.0 3.646196955862984e-2
 1177.0 3.64194410232572e-2
 1178.0 3.637699671722361e-2
 1179.0 3.6334636416947556e-2
 1180.0 3.629235989956239e-2
 1181.0 3.625016694291381e-2
 1182.0 3.6208057325557666e-2
 1183.0 3.6166030826756665e-2
 1184.0 3.612408722647864e-2
 1185.0 3.608222630539322e-2
 1186.0 3.604044784487028e-2
 1187.0 3.599875162697669e-2
 1188.0 3.595713743447364e-2
 1189.0 3.591560505081543e-2
 1190.0 3.587415426014537e-2
 1191.0 3.583278484729416e-2
 1192.0 3.579149659777764e-2
 1193.0 3.575028929779371e-2
 1194.0 3.570916273422033e-2
 1195.0 3.5668116694613e-2
 1196.0 3.562715096720246e-2
 1197.0 3.558626534089157e-2
 1198.0 3.554545960525401e-2
 1199.0 3.5504733550531145e-2
 1200.0 3.5464086967629475e-2
 1201.0 3.542351964811934e-2
 1202.0 3.5383031384231114e-2
 1203.0 3.534262196885391e-2
 1204.0 3.5302291195532874e-2
 1205.0 3.5262038858466814e-2
 1206.0 3.522186475250543e-2
 1207.0 3.518176867314842e-2
 1208.0 3.514175041654132e-2
 1209.0 3.510180977947423e-2
 1210.0 3.506194655938013e-2
 1211.0 3.502216055433051e-2
 1212.0 3.498245156303567e-2
 1213.0 3.494281938484054e-2
 1214.0 3.4903263819722766e-2
 1215.0 3.48637846682914e-2
 1216.0 3.4824381731784065e-2
 1217.0 3.47850548120638e-2
 1218.0 3.474580371161863e-2
 1219.0 3.4706628233557836e-2
 1220.0 3.466752818161041e-2
 1221.0 3.4628503360123034e-2
 1222.0 3.4589553574057345e-2
 1223.0 3.455067862898779e-2
 1224.0 3.451187833110042e-2
 1225.0 3.4473152487189414e-2
 1226.0 3.443450090465504e-2
 1227.0 3.439592339150312e-2
 1228.0 3.435741975634045e-2
 1229.0 3.4318989808374854e-2
 1230.0 3.428063335741142e-2
 1231.0 3.424235021385194e-2
 1232.0 3.420414018869052e-2
 1233.0 3.416600309351405e-2
 1234.0 3.4127938740499096e-2
 1235.0 3.408994694240858e-2
 1236.0 3.405202751259139e-2
 1237.0 3.401418026497981e-2
 1238.0 3.397640501408689e-2
 1239.0 3.3938701575005385e-2
 1240.0 3.390106976340437e-2
 1241.0 3.38635093955292e-2
 1242.0 3.382602028819644e-2
 1243.0 3.378860225879561e-2
 1244.0 3.3751255125283784e-2
 1245.0 3.3713978706185595e-2
 1246.0 3.367677282059051e-2
 1247.0 3.36396372881508e-2
 1248.0 3.3602571929080186e-2
 1249.0 3.356557656415058e-2
 1250.0 3.352865101469174e-2
 1251.0 3.3491795102588054e-2
 1252.0 3.345500865027675e-2
 1253.0 3.34182914807469e-2
 1254.0 3.3381643417535835e-2
 1255.0 3.334506428472923e-2
 1256.0 3.330855390695686e-2
 1257.0 3.327211210939254e-2
 1258.0 3.323573871775216e-2
 1259.0 3.319943355829011e-2
 1260.0 3.3163196457799055e-2
 1261.0 3.312702724360714e-2
 1262.0 3.3090925743576735e-2
 1263.0 3.305489178610174e-2
 1264.0 3.301892520010691e-2
 1265.0 3.298302581504448e-2
 1266.0 3.294719346089388e-2
 1267.0 3.29114279681586e-2
 1268.0 3.287572916786435e-2
 1269.0 3.284009689155946e-2
 1270.0 3.280453097130913e-2
 1271.0 3.276903123969761e-2
 1272.0 3.2733597529823265e-2
 1273.0 3.26982296752989e-2
 1274.0 3.26629275102487e-2
 1275.0 3.262769086930698e-2
 1276.0 3.2592519587616546e-2
 1277.0 3.255741350082588e-2
 1278.0 3.252237244508887e-2
 1279.0 3.2487396257062144e-2
 1280.0 3.245248477390294e-2
 1281.0 3.241763783326899e-2
 1282.0 3.2382855273313874e-2
 1283.0 3.234813693268897e-2
 1284.0 3.2313482650538475e-2
 1285.0 3.227889226649967e-2
 1286.0 3.2244365620700155e-2
 1287.0 3.2209902553756685e-2
 1288.0 3.2175502906773366e-2
 1289.0 3.214116652133971e-2
 1290.0 3.210689323952898e-2
 1291.0 3.2072682903896726e-2
 1292.0 3.203853535747939e-2
 1293.0 3.200445044379137e-2
 1294.0 3.197042800682528e-2
 1295.0 3.193646789104794e-2
 1296.0 3.190256994140113e-2
 1297.0 3.186873400329827e-2
 1298.0 3.1834959922623224e-2
 1299.0 3.180124754572899e-2
 1300.0 3.176759671943547e-2
 1301.0 3.173400729102862e-2
 1302.0 3.1700479108258336e-2
 1303.0 3.166701201933597e-2
 1304.0 3.1633605872935365e-2
 1305.0 3.160026051818778e-2
 1306.0 3.156697580468321e-2
 1307.0 3.1533751582466935e-2
 1308.0 3.1500587702039354e-2
 1309.0 3.146748401435281e-2
 1310.0 3.1434440370811695e-2
 1311.0 3.140145662326945e-2
 1312.0 3.13685326240277e-2
 1313.0 3.133566822583519e-2
 1314.0 3.130286328188503e-2
 1315.0 3.1270117645814034e-2
 1316.0 3.1237431171701024e-2
 1317.0 3.1204803714064873e-2
 1318.0 3.117223512786384e-2
 1319.0 3.113972526849321e-2
 1320.0 3.1107273991783996e-2
 1321.0 3.1074881154001477e-2
 1322.0 3.104254661184455e-2
 1323.0 3.1010270222442068e-2
 1324.0 3.0978051843353904e-2
 1325.0 3.0945891332567643e-2
 1326.0 3.091378854849796e-2
 1327.0 3.088174334998457e-2
 1328.0 3.084975559629171e-2
 1329.0 3.081782514710548e-2
 1330.0 3.078595186253342e-2
 1331.0 3.075413560310189e-2
 1332.0 3.072237622975634e-2
 1333.0 3.0690673603858083e-2
 1334.0 3.0659027587184043e-2
 1335.0 3.0627438041924467e-2
 1336.0 3.059590483068258e-2
 1337.0 3.0564427816471996e-2
 1338.0 3.0533006862716053e-2
 1339.0 3.050164183324622e-2
 1340.0 3.047033259230028e-2
 1341.0 3.0439079004522345e-2
 1342.0 3.0407880934959136e-2
 1343.0 3.0376738249060543e-2
 1344.0 3.0345650812677795e-2
 1345.0 3.031461849206108e-2
 1346.0 3.0283641153859873e-2
 1347.0 3.0252718665120047e-2
 1348.0 3.0221850893283393e-2
 1349.0 3.0191037706185912e-2
 1350.0 3.016027897205651e-2
 1351.0 3.0129574559515537e-2
 1352.0 3.009892433757348e-2
 1353.0 3.006832817563085e-2
 1354.0 3.0037785943474154e-2
 1355.0 3.000729751127675e-2
 1356.0 2.997686274959756e-2
 1357.0 2.994648152937807e-2
 1358.0 2.9916153721942652e-2
 1359.0 2.9885879198996664e-2
 1360.0 2.9855657832624585e-2
 1361.0 2.9825489495290278e-2
 1362.0 2.9795374059833648e-2
 1363.0 2.976531139947106e-2
 1364.0 2.973530138779307e-2
 1365.0 2.9705343898763555e-2
 1366.0 2.9675438806718607e-2
 1367.0 2.9645585986364388e-2
 1368.0 2.9615785312776956e-2
 1369.0 2.9586036661400632e-2
 1370.0 2.955633990804651e-2
 1371.0 2.952669492889082e-2
 1372.0 2.949710160047497e-2
 1373.0 2.9467559799703294e-2
 1374.0 2.9438069403841773e-2
 1375.0 2.9408630290517677e-2
 1376.0 2.9379242337716847e-2
 1377.0 2.9349905423784396e-2
 1378.0 2.9320619427421653e-2
 1379.0 2.9291384227686484e-2
 1380.0 2.9262199703990705e-2
 1381.0 2.9233065736099843e-2
 1382.0 2.9203982204131833e-2
 1383.0 2.9174948988554987e-2
 1384.0 2.9145965970188304e-2
 1385.0 2.91170330301986e-2
 1386.0 2.90881500501011e-2
 1387.0 2.905931691175596e-2
 1388.0 2.903053349736943e-2
 1389.0 2.9001799689491806e-2
 1390.0 2.89731153710156e-2
 1391.0 2.8944480425175063e-2
 1392.0 2.8915894735545015e-2
 1393.0 2.888735818603953e-2
 1394.0 2.8858870660910838e-2
 1395.0 2.883043204474817e-2
 1396.0 2.8802042222476662e-2
 1397.0 2.8773701079356128e-2
 1398.0 2.874540850098005e-2
 1399.0 2.8717164373274366e-2
 1400.0 2.8688968582496456e-2
 1401.0 2.8660821015233488e-2
 1402.0 2.863272155840274e-2
 1403.0 2.8604670099248407e-2
 1404.0 2.8576666525342256e-2
 1405.0 2.854871072458154e-2
 1406.0 2.8520802585188885e-2
 1407.0 2.8492941995709422e-2
 1408.0 2.8465128845011584e-2
 1409.0 2.8437363022285552e-2
 1410.0 2.840964441704069e-2
 1411.0 2.8381972919106983e-2
 1412.0 2.8354348418631842e-2
 1413.0 2.832677080607987e-2
 1414.0 2.8299239972232094e-2
 1415.0 2.8271755808184407e-2
 1416.0 2.8244318205346543e-2
 1417.0 2.8216927055441203e-2
 1418.0 2.818958225050319e-2
 1419.0 2.8162283682877754e-2
 1420.0 2.8135031245220158e-2
 1421.0 2.810782483049458e-2
 1422.0 2.8080664331972212e-2
 1423.0 2.8053549643231847e-2
 1424.0 2.8026480658157122e-2
 1425.0 2.7999457270937098e-2
 1426.0 2.797247937606375e-2
 1427.0 2.7945546868331644e-2
 1428.0 2.7918659642837684e-2
 1429.0 2.789181759497866e-2
 1430.0 2.78650206204511e-2
 1431.0 2.7838268615250288e-2
 1432.0 2.781156147566901e-2
 1433.0 2.778489909829625e-2
 1434.0 2.775828138001734e-2
 1435.0 2.773170821801184e-2
 1436.0 2.77051795097525e-2
 1437.0 2.7678695153005584e-2
 1438.0 2.765225504582846e-2
 1439.0 2.76258590865692e-2
 1440.0 2.7599507173866267e-2
 1441.0 2.7573199206645756e-2
 1442.0 2.754693508412282e-2
 1443.0 2.7520714705798633e-2
 1444.0 2.7494537971460703e-2
 1445.0 2.7468404781181188e-2
 1446.0 2.744231503531686e-2
 1447.0 2.741626863450651e-2
 1448.0 2.739026547967235e-2
 1449.0 2.736430547201674e-2
 1450.0 2.7338388513022956e-2
 1451.0 2.731251450445342e-2
 1452.0 2.7286683348348707e-2
 1453.0 2.7260894947027502e-2
 1454.0 2.7235149203084393e-2
 1455.0 2.7209446019389974e-2
 1456.0 2.7183785299089814e-2
 1457.0 2.7158166945603156e-2
 1458.0 2.7132590862621358e-2
 1459.0 2.7107056954109726e-2
 1460.0 2.70815651243024e-2
 1461.0 2.705611527770595e-2
 1462.0 2.7030707319094516e-2
 1463.0 2.7005341153512198e-2
 1464.0 2.698001668626914e-2
 1465.0 2.695473382294378e-2
 1466.0 2.6929492469379132e-2
 1467.0 2.6904292531683673e-2
 1468.0 2.6879133916230293e-2
 1469.0 2.6854016529654273e-2
 1470.0 2.6828940278853988e-2
 1471.0 2.6803905070989002e-2
 1472.0 2.6778910813479294e-2
 1473.0 2.675395741400505e-2
 1474.0 2.672904478050519e-2
 1475.0 2.6704172821176136e-2
 1476.0 2.667934144447283e-2
 1477.0 2.66545505591053e-2
 1478.0 2.6629800074039502e-2
 1479.0 2.6605089898496723e-2
 1480.0 2.6580419941951223e-2
 1481.0 2.6555790114130614e-2
 1482.0 2.6531200325015297e-2
 1483.0 2.6506650484835585e-2
 1484.0 2.6482140504074138e-2
 1485.0 2.645767029346215e-2
 1486.0 2.6433239763980126e-2
 1487.0 2.6408848826856637e-2
 1488.0 2.6384497393567574e-2
 1489.0 2.6360185375835392e-2
 1490.0 2.6335912685627943e-2
 1491.0 2.6311679235158487e-2
 1492.0 2.628748493688373e-2
 1493.0 2.6263329703504125e-2
 1494.0 2.6239213447962727e-2
 1495.0 2.6215136083443755e-2
 1496.0 2.6191097523372633e-2
 1497.0 2.6167097681415383e-2
 1498.0 2.6143136471476716e-2
 1499.0 2.6119213807700135e-2
 1500.0 2.609532960446705e-2
 1501.0 2.607148377639586e-2
 1502.0 2.604767623834103e-2
 1503.0 2.602390690539322e-2
 1504.0 2.600017569287671e-2
 1505.0 2.59764825163508e-2
 1506.0 2.595282729160717e-2
 1507.0 2.5929209934670898e-2
 1508.0 2.5905630361797573e-2
 1509.0 2.5882088489474958e-2
 1510.0 2.5858584234419786e-2
 1511.0 2.5835117513579812e-2
 1512.0 2.581168824412969e-2
 1513.0 2.5788296343473602e-2
 1514.0 2.576494172924204e-2
 1515.0 2.5741624319292507e-2
 1516.0 2.571834403170784e-2
 1517.0 2.569510078479654e-2
 1518.0 2.5671894497090567e-2
 1519.0 2.564872508734654e-2
 1520.0 2.5625592474542852e-2
 1521.0 2.5602496577881113e-2
 1522.0 2.5579437316783443e-2
 1523.0 2.5556414610893405e-2
 1524.0 2.553342838007412e-2
 1525.0 2.551047854440831e-2
 1526.0 2.548756502419713e-2
 1527.0 2.54646877399596e-2
 1528.0 2.544184661243238e-2
 1529.0 2.5419041562568058e-2
 1530.0 2.5396272511535107e-2
 1531.0 2.537353938071761e-2
 1532.0 2.5350842091713684e-2
 1533.0 2.532818056633522e-2
 1534.0 2.5305554726607272e-2
 1535.0 2.5282964494767097e-2
 1536.0 2.5260409793263796e-2
 1537.0 2.523789054475749e-2
 1538.0 2.521540667211855e-2
 1539.0 2.5192958098427067e-2
 1540.0 2.517054474697222e-2
 1541.0 2.514816654125116e-2
 1542.0 2.5125823404969192e-2
 1543.0 2.510351526203838e-2
 1544.0 2.5081242036577116e-2
 1545.0 2.5059003652909213e-2
 1546.0 2.503680003556407e-2
 1547.0 2.5014631109275064e-2
 1548.0 2.499249679897954e-2
 1549.0 2.4970397029817373e-2
 1550.0 2.4948331727131793e-2
 1551.0 2.4926300816466837e-2
 1552.0 2.4904304223568433e-2
 1553.0 2.4882341874382288e-2
 1554.0 2.4860413695054547e-2
 1555.0 2.4838519611930582e-2
 1556.0 2.48166595515539e-2
 1557.0 2.479483344066637e-2
 1558.0 2.477304120620695e-2
 1559.0 2.4751282775311044e-2
 1560.0 2.4729558075311592e-2
 1561.0 2.4707867033734603e-2
 1562.0 2.468620957830307e-2
 1563.0 2.466458563693306e-2
 1564.0 2.4642995137734425e-2
 1565.0 2.462143800901031e-2
 1566.0 2.459991417925613e-2
 1567.0 2.457842357715863e-2
 1568.0 2.455696613159633e-2
 1569.0 2.4535541771638338e-2
 1570.0 2.451415042654297e-2
 1571.0 2.4492792025758686e-2
 1572.0 2.4471466498922467e-2
 1573.0 2.445017377585913e-2
 1574.0 2.442891378658155e-2
 1575.0 2.4407686461289407e-2
 1576.0 2.4386491730368696e-2
 1577.0 2.4365329524391362e-2
 1578.0 2.434419977411438e-2
 1579.0 2.4323102410479393e-2
 1580.0 2.4302037364612353e-2
 1581.0 2.4281004567822645e-2
 1582.0 2.426000395160226e-2
 1583.0 2.4239035447625405e-2
 1584.0 2.4218098987748824e-2
 1585.0 2.4197194504009617e-2
 1586.0 2.4176321928625934e-2
 1587.0 2.4155481193995715e-2
 1588.0 2.413467223269705e-2
 1589.0 2.411389497748565e-2
 1590.0 2.4093149361297337e-2
 1591.0 2.4072435317243568e-2
 1592.0 2.4051752778615435e-2
 1593.0 2.403110167887857e-2
 1594.0 2.4010481951676488e-2
 1595.0 2.3989893530826933e-2
 1596.0 2.3969336350323688e-2
 1597.0 2.3948810344334426e-2
 1598.0 2.392831544720073e-2
 1599.0 2.3907851593438022e-2
 1600.0 2.3887418717734442e-2
 1601.0 2.3867016754950343e-2
 1602.0 2.384664564011768e-2
 1603.0 2.3826305308440435e-2
 1604.0 2.380599569529175e-2
 1605.0 2.3785716736216916e-2
 1606.0 2.3765468366929627e-2
 1607.0 2.3745250523312854e-2
 1608.0 2.3725063141418444e-2
 1609.0 2.3704906157466173e-2
 1610.0 2.368477950784303e-2
 1611.0 2.3664683129104008e-2
 1612.0 2.364461695796964e-2
 1613.0 2.3624580931327e-2
 1614.0 2.3604574986228418e-2
 1615.0 2.3584599059891014e-2
 1616.0 2.3564653089696956e-2
 1617.0 2.3544737013191683e-2
 1618.0 2.3524850768084988e-2
 1619.0 2.350499429224815e-2
 1620.0 2.348516752371644e-2
 1621.0 2.3465370400686015e-2
 1622.0 2.344560286151518e-2
 1623.0 2.3425864844722505e-2
 1624.0 2.34061562889871e-2
 1625.0 2.338647713314874e-2
 1626.0 2.336682731620562e-2
 1627.0 2.3347206777315794e-2
 1628.0 2.3327615455795054e-2
 1629.0 2.330805329111753e-2
 1630.0 2.3288520222915006e-2
 1631.0 2.32690161909758e-2
 1632.0 2.3249541135244956e-2
 1633.0 2.3230094995823986e-2
 1634.0 2.3210677712968815e-2
 1635.0 2.3191289227092057e-2
 1636.0 2.3171929478759647e-2
 1637.0 2.315259840869195e-2
 1638.0 2.3133295957763252e-2
 1639.0 2.3114022067000833e-2
 1640.0 2.3094776677585013e-2
 1641.0 2.3075559730847364e-2
 1642.0 2.305637116827254e-2
 1643.0 2.3037210931495775e-2
 1644.0 2.3018078962303252e-2
 1645.0 2.2998975202631222e-2
 1646.0 2.2979899594566998e-2
 1647.0 2.2960852080345585e-2
 1648.0 2.294183260235267e-2
 1649.0 2.292284110312146e-2
 1650.0 2.290387752533378e-2
 1651.0 2.2884941811818788e-2
 1652.0 2.2866033905553012e-2
 1653.0 2.2847153749659913e-2
 1654.0 2.2828301287408318e-2
 1655.0 2.2809476462214495e-2
 1656.0 2.279067921763893e-2
 1657.0 2.277190949738698e-2
 1658.0 2.2753167245309392e-2
 1659.0 2.2734452405400542e-2
 1660.0 2.2715764921798005e-2
 1661.0 2.269710473878354e-2
 1662.0 2.267847180078075e-2
 1663.0 2.265986605235612e-2
 1664.0 2.2641287438217972e-2
 1665.0 2.2622735903215896e-2
 1666.0 2.2604211392340767e-2
 1667.0 2.258571385072396e-2
 1668.0 2.2567243223636718e-2
 1669.0 2.254879945649104e-2
 1670.0 2.2530382494837218e-2
 1671.0 2.2511992284364686e-2
 1672.0 2.2493628770901972e-2
 1673.0 2.2475291900414623e-2
 1674.0 2.2456981619007395e-2
 1675.0 2.243869787292095e-2
 1676.0 2.2420440608533168e-2
 1677.0 2.24022097723583e-2
 1678.0 2.2384005311046954e-2
 1679.0 2.2365827171385137e-2
 1680.0 2.2347675300293853e-2
 1681.0 2.232954964482893e-2
 1682.0 2.2311450152180994e-2
 1683.0 2.2293376769674005e-2
 1684.0 2.2275329444766075e-2
 1685.0 2.2257308125047937e-2
 1686.0 2.223931275824373e-2
 1687.0 2.222134329220903e-2
 1688.0 2.220339967493259e-2
 1689.0 2.218548185453347e-2
 1690.0 2.216758977926287e-2
 1691.0 2.2149723397502517e-2
 1692.0 2.2131882657764123e-2
 1693.0 2.211406750868965e-2
 1694.0 2.2096277899050953e-2
 1695.0 2.2078513777748936e-2
 1696.0 2.2060775093812813e-2
 1697.0 2.204306179640095e-2
 1698.0 2.2025373834799574e-2
 1699.0 2.2007711158422302e-2
 1700.0 2.1990073716810443e-2
 1701.0 2.1972461459631967e-2
 1702.0 2.195487433668143e-2
 1703.0 2.1937312297879357e-2
 1704.0 2.191977529327299e-2
 1705.0 2.190226327303313e-2
 1706.0 2.1884776187457863e-2
 1707.0 2.1867313986967583e-2
 1708.0 2.1849876622109226e-2
 1709.0 2.1832464043551943e-2
 1710.0 2.1815076202089362e-2
 1711.0 2.179771304863794e-2
 1712.0 2.1780374534236938e-2
 1713.0 2.1763060610048002e-2
 1714.0 2.174577122735522e-2
 1715.0 2.172850633756408e-2
 1716.0 2.1711265892201376e-2
 1717.0 2.169404984291518e-2
 1718.0 2.1676858141474045e-2
 1719.0 2.165969073976654e-2
 1720.0 2.164254758980191e-2
 1721.0 2.1625428643707822e-2
 1722.0 2.1608333853732325e-2
 1723.0 2.1591263172241672e-2
 1724.0 2.157421655172062e-2
 1725.0 2.1557193944772277e-2
 1726.0 2.1540195304117573e-2
 1727.0 2.1523220582594586e-2
 1728.0 2.1506269733159274e-2
 1729.0 2.1489342708882832e-2
 1730.0 2.1472439462954976e-2
 1731.0 2.1455559948679655e-2
 1732.0 2.1438704119477462e-2
 1733.0 2.1421871928884232e-2
 1734.0 2.1405063330550943e-2
 1735.0 2.1388278278242866e-2
 1736.0 2.1371516725840114e-2
 1737.0 2.1354778627336632e-2
 1738.0 2.1338063936840002e-2
 1739.0 2.13213726085714e-2
 1740.0 2.130470459686474e-2
 1741.0 2.128805985616697e-2
 1742.0 2.1271438341036973e-2
 1743.0 2.125484000614603e-2
 1744.0 2.1238264806277465e-2
 1745.0 2.122171269632467e-2
 1746.0 2.1205183631293832e-2
 1747.0 2.1188677566300374e-2
 1748.0 2.1172194456571255e-2
 1749.0 2.115573425744241e-2
 1750.0 2.113929692436092e-2
 1751.0 2.112288241288173e-2
 1752.0 2.110649067867025e-2
 1753.0 2.1090121677499893e-2
 1754.0 2.1073775365252786e-2
 1755.0 2.1057451697919383e-2
 1756.0 2.1041150631597668e-2
 1757.0 2.1024872122493234e-2
 1758.0 2.100861612691946e-2
 1759.0 2.099238260129525e-2
 1760.0 2.097617150214797e-2
 1761.0 2.095998278610965e-2
 1762.0 2.0943816409919297e-2
 1763.0 2.0927672330421008e-2
 1764.0 2.091155050456452e-2
 1765.0 2.089545088940438e-2
 1766.0 2.0879373442100477e-2
 1767.0 2.086331811991624e-2
 1768.0 2.0847284880219814e-2
 1769.0 2.083127368048364e-2
 1770.0 2.0815284478282108e-2
 1771.0 2.0799317231294797e-2
 1772.0 2.0783371897302647e-2
 1773.0 2.07674484341902e-2
 1774.0 2.0751546799943767e-2
 1775.0 2.0735666952652186e-2
 1776.0 2.0719808850505596e-2
 1777.0 2.0703972451795633e-2
 1778.0 2.0688157714915598e-2
 1779.0 2.0672364598358958e-2
 1780.0 2.06565930607202e-2
 1781.0 2.0640843060693994e-2
 1782.0 2.062511455707482e-2
 1783.0 2.0609407508757352e-2
 1784.0 2.059372187473497e-2
 1785.0 2.0578057614100653e-2
 1786.0 2.0562414686045916e-2
 1787.0 2.0546793049861695e-2
 1788.0 2.0531192664935638e-2
 1789.0 2.0515613490755136e-2
 1790.0 2.0500055486903836e-2
 1791.0 2.048451861306354e-2
 1792.0 2.0469002829013115e-2
 1793.0 2.045350809462841e-2
 1794.0 2.043803436988123e-2
 1795.0 2.0422581614840448e-2
 1796.0 2.040714978967092e-2
 1797.0 2.039173885463265e-2
 1798.0 2.0376348770081515e-2
 1799.0 2.036097949646858e-2
 1800.0 2.0345630994339888e-2
 1801.0 2.03303032243363e-2
 1802.0 2.0314996147192368e-2
 1803.0 2.0299709723737635e-2
 1804.0 2.0284443914895162e-2
 1805.0 2.026919868168136e-2
 1806.0 2.0253973985206425e-2
 1807.0 2.023876978667294e-2
 1808.0 2.0223586047377007e-2
 1809.0 2.020842272870661e-2
 1810.0 2.019327979214266e-2
 1811.0 2.0178157199257432e-2
 1812.0 2.0163054911714808e-2
 1813.0 2.0147972891271397e-2
 1814.0 2.013291109977334e-2
 1815.0 2.011786949915903e-2
 1816.0 2.0102848051456724e-2
 1817.0 2.00878467187855e-2
 1818.0 2.007286546335472e-2
 1819.0 2.005790424746306e-2
 1820.0 2.004296303349944e-2
 1821.0 2.0028041783942168e-2
 1822.0 2.0013140461358495e-2
 1823.0 1.9998259028404405e-2
 1824.0 1.998339744782483e-2
 1825.0 1.9968555682453266e-2
 1826.0 1.9953733695210807e-2
 1827.0 1.993893144910673e-2
 1828.0 1.9924148907238152e-2
 1829.0 1.9909386032789245e-2
 1830.0 1.9894642789031393e-2
 1831.0 1.987991913932351e-2
 1832.0 1.9865215047109735e-2
 1833.0 1.9850530475922196e-2
 1834.0 1.9835865389378052e-2
 1835.0 1.98212197511814e-2
 1836.0 1.9806593525120826e-2
 1837.0 1.9791986675071465e-2
 1838.0 1.977739916499268e-2
 1839.0 1.976283095893e-2
 1840.0 1.974828202101235e-2
 1841.0 1.9733752315453917e-2
 1842.0 1.971924180655286e-2
 1843.0 1.9704750458691515e-2
 1844.0 1.969027823633612e-2
 1845.0 1.9675825104035958e-2
 1846.0 1.9661391026423888e-2
 1847.0 1.964697596821612e-2
 1848.0 1.9632579894210876e-2
 1849.0 1.9618202769290195e-2
 1850.0 1.9603844558417273e-2
 1851.0 1.9589505226637834e-2
 1852.0 1.9575184739080438e-2
 1853.0 1.9560883060953587e-2
 1854.0 1.9546600157548753e-2
 1855.0 1.9532335994237964e-2
 1856.0 1.9518090536473826e-2
 1857.0 1.9503863749790882e-2
 1858.0 1.9489655599802903e-2
 1859.0 1.9475466052205306e-2
 1860.0 1.946129507277209e-2
 1861.0 1.9447142627358492e-2
 1862.0 1.943300868189837e-2
 1863.0 1.9418893202405786e-2
 1864.0 1.9404796154973578e-2
 1865.0 1.9390717505773352e-2
 1866.0 1.937665722105632e-2
 1867.0 1.9362615267151145e-2
 1868.0 1.9348591610465517e-2
 1869.0 1.9334586217485177e-2
 1870.0 1.9320599054773242e-2
 1871.0 1.930663008897134e-2
 1872.0 1.929267928679756e-2
 1873.0 1.9278746615048265e-2
 1874.0 1.9264832040595814e-2
 1875.0 1.9250935530390343e-2
 1876.0 1.9237057051457555e-2
 1877.0 1.922319657090069e-2
 1878.0 1.920935405589808e-2
 1879.0 1.9195529473704766e-2
 1880.0 1.918172279165112e-2
 1881.0 1.9167933977143198e-2
 1882.0 1.915416299766247e-2
 1883.0 1.914040982076537e-2
 1884.0 1.9126674414083066e-2
 1885.0 1.911295674532223e-2
 1886.0 1.9099256782262895e-2
 1887.0 1.9085574492760275e-2
 1888.0 1.90719098447432e-2
 1889.0 1.9058262806214702e-2
 1890.0 1.9044633345251322e-2
 1891.0 1.903102143000281e-2
 1892.0 1.9017427028692777e-2
 1893.0 1.9003850109617318e-2
 1894.0 1.8990290641145897e-2
 1895.0 1.897674859172019e-2
 1896.0 1.896322392985491e-2
 1897.0 1.8949716624136297e-2
 1898.0 1.8936226643223333e-2
 1899.0 1.8922753955846465e-2
 1900.0 1.8909298530807864e-2
 1901.0 1.889586033698153e-2
 1902.0 1.8882439343312307e-2
 1903.0 1.8869035518816232e-2
 1904.0 1.8855648832580372e-2
 1905.0 1.884227925376266e-2
 1906.0 1.8828926751590768e-2
 1907.0 1.8815591295363365e-2
 1908.0 1.8802272854449444e-2
 1909.0 1.878897139828715e-2
 1910.0 1.877568689638479e-2
 1911.0 1.8762419318320293e-2
 1912.0 1.874916863374094e-2
 1913.0 1.873593481236248e-2
 1914.0 1.872271782397121e-2
 1915.0 1.870951763842019e-2
 1916.0 1.8696334225632757e-2
 1917.0 1.868316755559966e-2
 1918.0 1.867001759838052e-2
 1919.0 1.8656884324102372e-2
 1920.0 1.864376770296065e-2
 1921.0 1.8630667705218425e-2
 1922.0 1.8617584301205484e-2
 1923.0 1.8604517461319865e-2
 1924.0 1.8591467156026362e-2
 1925.0 1.857843335585654e-2
 1926.0 1.8565416031408957e-2
 1927.0 1.8552415153348576e-2
 1928.0 1.8539430692407002e-2
 1929.0 1.852646261938161e-2
 1930.0 1.851351090513621e-2
 1931.0 1.850057552060024e-2
 1932.0 1.8487656436769168e-2
 1933.0 1.847475362470308e-2
 1934.0 1.8461867055528658e-2
 1935.0 1.8448996700436694e-2
 1936.0 1.8436142530683017e-2
 1937.0 1.8423304517589317e-2
 1938.0 1.841048263254013e-2
 1939.0 1.8397676846986115e-2
 1940.0 1.8384887132441102e-2
 1941.0 1.8372113460483595e-2
 1942.0 1.835935580275562e-2
 1943.0 1.834661413096315e-2
 1944.0 1.8333888416876207e-2
 1945.0 1.832117863232684e-2
 1946.0 1.8308484749211946e-2
 1947.0 1.8295806739490265e-2
 1948.0 1.828314457518439e-2
 1949.0 1.8270498228378566e-2
 1950.0 1.8257867671220816e-2
 1951.0 1.824525287592041e-2
 1952.0 1.823265381474963e-2
 1953.0 1.8220070460042107e-2
 1954.0 1.8207502784194328e-2
 1955.0 1.819495075966354e-2
 1956.0 1.8182414358968755e-2
 1957.0 1.8169893554691337e-2
 1958.0 1.8157388319472095e-2
 1959.0 1.8144898626014407e-2
 1960.0 1.8132424447081758e-2
 1961.0 1.81199657554991e-2
 1962.0 1.8107522524150804e-2
 1963.0 1.8095094725982964e-2
 1964.0 1.8082682334000594e-2
 1965.0 1.8070285321270113e-2
 1966.0 1.805790366091667e-2
 1967.0 1.804553732612601e-2
 1968.0 1.8033186290143013e-2
 1969.0 1.802085052627226e-2
 1970.0 1.8008530007877572e-2
 1971.0 1.7996224708381952e-2
 1972.0 1.7983934601266703e-2
 1973.0 1.7971659660073355e-2
 1974.0 1.795939985840049e-2
 1975.0 1.794715516990645e-2
 1976.0 1.7934925568307173e-2
 1977.0 1.7922711027376918e-2
 1978.0 1.791051152094847e-2
 1979.0 1.7898327022911564e-2
 1980.0 1.7886157507214798e-2
 1981.0 1.7874002947863194e-2
 1982.0 1.7861863318920087e-2
 1983.0 1.7849738594505667e-2
 1984.0 1.7837628748797293e-2
 1985.0 1.7825533756029098e-2
 1986.0 1.7813453590492558e-2
 1987.0 1.7801388226535052e-2
 1988.0 1.7789337638561397e-2
 1989.0 1.777730180103192e-2
 1990.0 1.7765280688463617e-2
 1991.0 1.775327427542948e-2
 1992.0 1.7741282536558132e-2
 1993.0 1.7729305446534532e-2
 1994.0 1.771734298009884e-2
 1995.0 1.7705395112046496e-2
 1996.0 1.7693461817229156e-2
 1997.0 1.7681543070552246e-2
 1998.0 1.766963884697777e-2
 1999.0 1.765774912152159e-2
 2000.0 1.7645873869254477e-2
