 1.0 0.15594360566657564
 2.0 0.15016584276451267
 3.0 0.14545558738341224
 4.0 0.14162941904469525
 5.0 0.13852773389131431
 6.0 0.13601593197172973
 7.0 0.13398263613940112
 8.0 0.1323367293968001
 9.0 0.13100416217223318
 10.0 0.12992497486516538
 11.0 0.12905070480650083
 12.0 0.12834220922641318
 13.0 0.12776787459808261
 14.0 0.1273021606336251
 15.0 0.12692442373374216
 16.0 0.12661796916379534
 17.0 0.12636928839345712
 18.0 0.1261674454817861
 19.0 0.1260035831264802
 20.0 0.12587052471798332
 21.0 0.1257624534419509
 22.0 0.1256746532714516
 23.0 0.125603299729512
 24.0 0.12554529072458617
 25.0 0.12549810968921044
 26.0 0.12545971478702997
 27.0 0.12542844917728185
 28.0 0.12540296830349382
 29.0 0.12538218095570045
 30.0 0.1253652014830636
 31.0 0.12535131103801286
 32.0 0.1253399261388154
 33.0 0.12533057316452534
 34.0 0.12532286766017478
 35.0 0.12531649754325203
 36.0 0.12531120947488755
 37.0 0.12530679779863643
 38.0 0.12530309556267535
 39.0 0.12529996723270284
 40.0 0.12529730277697068
 41.0 0.1252950128649678
 42.0 0.1252930249700192
 43.0 0.12529128020558727
 44.0 0.1252897307571353
 45.0 0.1252883377974308
 46.0 0.12528706979428159
 47.0 0.1252859011368324
 48.0 0.12528481102045808
 49.0 0.12528378254157657
 50.0 0.12528280196286887
 51.0 0.12528185811682804
 52.0 0.1252809419216004
 53.0 0.12528004598797993
 54.0 0.12527916430039676
 55.0 0.1252782919579708
 56.0 0.1252774249643217
 57.0 0.12527656005695761
 58.0 0.12527569456878926
 59.0 0.12527482631572212
 60.0 0.1252739535054158
 61.0 0.12527307466322554
 62.0 0.1252721885720888
 63.0 0.12527129422373265
 64.0 0.1252703907790693
 65.0 0.12526947753604822
 66.0 0.12526855390356204
 67.0 0.12526761938026518
 68.0 0.12526667353737955
 69.0 0.12526571600473663
 70.0 0.1252647464594464
 71.0 0.1252637646166972
 72.0 0.12526277022228643
 73.0 0.1252617630465549
 74.0 0.12526074287946007
 75.0 0.12525970952657528
 76.0 0.1252586628058378
 77.0 0.12525760254490687
 78.0 0.1252565285790151
 79.0 0.12525544074922168
 80.0 0.1252543389009897
 81.0 0.12525322288302837
 82.0 0.12525209254634892
 83.0 0.1252509477434939
 84.0 0.12524978832790828
 85.0 0.12524861415342348
 86.0 0.1252474250738353
 87.0 0.12524622094255602
 88.0 0.12524500161232824
 89.0 0.12524376693498696
 90.0 0.12524251676126266
 91.0 0.12524125094061636
 92.0 0.1252399693211003
 93.0 0.12523867174924094
 94.0 0.12523735806993783
 95.0 0.12523602812637724
 96.0 0.12523468175995642
 97.0 0.12523331881021668
 98.0 0.12523193911478428
 99.0 0.12523054250931637
 100.0 0.12522912882745185
 101.0 0.1252276979007659
 102.0 0.12522624955872713
 103.0 0.1252247836286573
 104.0 0.12522329993569242
 105.0 0.1252217983027454
 106.0 0.1252202785504697
 107.0 0.12521874049722334
 108.0 0.12521718395903386
 109.0 0.12521560874956322
 110.0 0.125214014680073
 111.0 0.1252124015593896
 112.0 0.12521076919386925
 113.0 0.12520911738736304
 114.0 0.1252074459411815
 115.0 0.12520575465405917
 116.0 0.12520404332211826
 117.0 0.12520231173883284
 118.0 0.12520055969499141
 119.0 0.1251987869786604
 120.0 0.12519699337514587
 121.0 0.1251951786669555
 122.0 0.1251933426337598
 123.0 0.12519148505235309
 124.0 0.1251896056966131
 125.0 0.12518770433746107
 126.0 0.1251857807428204
 127.0 0.1251838346775752
 128.0 0.1251818659035278
 129.0 0.12517987417935617
 130.0 0.1251778592605699
 131.0 0.12517582089946666
 132.0 0.12517375884508677
 133.0 0.1251716728431678
 134.0 0.1251695626360983
 135.0 0.12516742796287103
 136.0 0.12516526855903481
 137.0 0.12516308415664662
 138.0 0.12516087448422203
 139.0 0.12515863926668522
 140.0 0.12515637822531864
 141.0 0.12515409107771108
 142.0 0.12515177753770565
 143.0 0.12514943731534645
 144.0 0.12514707011682483
 145.0 0.12514467564442416
 146.0 0.12514225359646475
 147.0 0.12513980366724684
 148.0 0.12513732554699342
 149.0 0.12513481892179176
 150.0 0.12513228347353428
 151.0 0.1251297188798583
 152.0 0.12512712481408494
 153.0 0.12512450094515704
 154.0 0.12512184693757597
 155.0 0.12511916245133764
 156.0 0.1251164471418675
 157.0 0.12511370065995425
 158.0 0.12511092265168264
 159.0 0.1251081127583654
 160.0 0.12510527061647378
 161.0 0.12510239585756705
 162.0 0.12509948810822108
 163.0 0.12509654698995545
 164.0 0.12509357211915992
 165.0 0.12509056310701874
 166.0 0.12508751955943506
 167.0 0.12508444107695293
 168.0 0.12508132725467888
 169.0 0.12507817768220184
 170.0 0.1250749919435116
 171.0 0.12507176961691657
 172.0 0.12506851027495952
 173.0 0.12506521348433255
 174.0 0.12506187880579023
 175.0 0.1250585057940615
 176.0 0.12505509399776024
 177.0 0.12505164295929422
 178.0 0.12504815221477272
 179.0 0.12504462129391253
 180.0 0.12504104971994245
 181.0 0.12503743700950626
 182.0 0.12503378267256418
 183.0 0.12503008621229236
 184.0 0.12502634712498137
 185.0 0.12502256489993227
 186.0 0.1250187390193517
 187.0 0.1250148689582447
 188.0 0.12501095418430588
 189.0 0.1250069941578093
 190.0 0.12500298833149565
 191.0 0.12499893615045844
 192.0 0.1249948370520276
 193.0 0.12499069046565187
 194.0 0.12498649581277854
 195.0 0.12498225250673173
 196.0 0.1249779599525882
 197.0 0.1249736175470518
 198.0 0.12496922467832496
 199.0 0.12496478072597877
 200.0 0.12496028506082055
 201.0 0.12495573704475905
 202.0 0.12495113603066835
 203.0 0.1249464813622478
 204.0 0.12494177237388147
 205.0 0.12493700839049408
 206.0 0.12493218872740491
 207.0 0.12492731269017919
 208.0 0.12492237957447704
 209.0 0.12491738866590005
 210.0 0.124912339239835
 211.0 0.12490723056129514
 212.0 0.12490206188475883
 213.0 0.12489683245400537
 214.0 0.12489154150194837
 215.0 0.12488618825046566
 216.0 0.12488077191022724
 217.0 0.12487529168051965
 218.0 0.12486974674906784
 219.0 0.12486413629185356
 220.0 0.12485845947293145
 221.0 0.1248527154442409
 222.0 0.12484690334541627
 223.0 0.12484102230359238
 224.0 0.1248350714332078
 225.0 0.12482904983580441
 226.0 0.1248229565998237
 227.0 0.1248167908003993
 228.0 0.12481055149914674
 229.0 0.12480423774394901
 230.0 0.1247978485687386
 231.0 0.12479138299327654
 232.0 0.1247848400229263
 233.0 0.12477821864842603
 234.0 0.12477151784565442
 235.0 0.12476473657539486
 236.0 0.12475787378309443
 237.0 0.12475092839861883
 238.0 0.1247438993360037
 239.0 0.1247367854932018
 240.0 0.12472958575182508
 241.0 0.12472229897688342
 242.0 0.12471492401651836
 243.0 0.12470745970173276
 244.0 0.12469990484611557
 245.0 0.12469225824556224
 246.0 0.12468451867799014
 247.0 0.12467668490304984
 248.0 0.12466875566183076
 249.0 0.12466072967656239
 250.0 0.1246526056503106
 251.0 0.12464438226666827
 252.0 0.12463605818944182
 253.0 0.12462763206233106
 254.0 0.12461910250860538
 255.0 0.12461046813077299
 256.0 0.124601727510246
 257.0 0.12459287920699873
 258.0 0.12458392175922146
 259.0 0.12457485368296785
 260.0 0.12456567347179626
 261.0 0.12455637959640617
 262.0 0.12454697050426757
 263.0 0.12453744461924462
 264.0 0.12452780034121363
 265.0 0.12451803604567406
 266.0 0.12450815008335335
 267.0 0.12449814077980573
 268.0 0.124488006435004
 269.0 0.12447774532292505
 270.0 0.12446735569112831
 271.0 0.12445683576032776
 272.0 0.12444618372395688
 273.0 0.12443539774772638
 274.0 0.1244244759691757
 275.0 0.12441341649721589
 276.0 0.12440221741166686
 277.0 0.1243908767627862
 278.0 0.12437939257079057
 279.0 0.12436776282537054
 280.0 0.12435598548519647
 281.0 0.12434405847741772
 282.0 0.12433197969715375
 283.0 0.1243197470069769
 284.0 0.12430735823638796
 285.0 0.12429481118128316
 286.0 0.1242821036034131
 287.0 0.12426923322983378
 288.0 0.12425619775234871
 289.0 0.12424299482694352
 290.0 0.12422962207321103
 291.0 0.12421607707376883
 292.0 0.12420235737366758
 293.0 0.12418846047979115
 294.0 0.12417438386024719
 295.0 0.12416012494374999
 296.0 0.1241456811189937
 297.0 0.12413104973401674
 298.0 0.12411622809555763
 299.0 0.12410121346840142
 300.0 0.12408600307471712
 301.0 0.12407059409338606
 302.0 0.12405498365932117
 303.0 0.12403916886277723
 304.0 0.12402314674865132
 305.0 0.12400691431577486
 306.0 0.1239904685161958
 307.0 0.123973806254452
 308.0 0.12395692438683512
 309.0 0.12393981972064547
 310.0 0.12392248901343741
 311.0 0.12390492897225606
 312.0 0.1238871362528643
 313.0 0.12386910745896104
 314.0 0.12385083914139058
 315.0 0.12383232779734242
 316.0 0.12381356986954303
 317.0 0.1237945617454381
 318.0 0.12377529975636646
 319.0 0.12375578017672534
 320.0 0.12373599922312746
 321.0 0.12371595305354904
 322.0 0.12369563776647075
 323.0 0.12367504940000991
 324.0 0.12365418393104526
 325.0 0.12363303727433406
 326.0 0.12361160528162202
 327.0 0.12358988374074599
 328.0 0.12356786837473012
 329.0 0.12354555484087505
 330.0 0.12352293872984164
 331.0 0.12350001556472803
 332.0 0.12347678080014185
 333.0 0.12345322982126737
 334.0 0.1234293579429272
 335.0 0.12340516040864094
 336.0 0.12338063238967904
 337.0 0.1233557689841141
 338.0 0.12333056521586934
 339.0 0.12330501603376463
 340.0 0.12327911631056156
 341.0 0.12325286084200707
 342.0 0.12322624434587741
 343.0 0.12319926146102252
 344.0 0.12317190674641125
 345.0 0.12314417468017952
 346.0 0.123116059658681
 347.0 0.1230875559955413
 348.0 0.12305865792071799
 349.0 0.1230293595795655
 350.0 0.12299965503190745
 351.0 0.12296953825111648
 352.0 0.12293900312320388
 353.0 0.1229080434459191
 354.0 0.12287665292786075
 355.0 0.12284482518760143
 356.0 0.1228125537528258
 357.0 0.12277983205948545
 358.0 0.12274665345097072
 359.0 0.12271301117730155
 360.0 0.12267889839433917
 361.0 0.12264430816302022
 362.0 0.12260923344861503
 363.0 0.12257366712001254
 364.0 0.1225376019490325
 365.0 0.12250103060976932
 366.0 0.12246394567796727
 367.0 0.12242633963043094
 368.0 0.12238820484447285
 369.0 0.1223495335974002
 370.0 0.12231031806604444
 371.0 0.12227055032633485
 372.0 0.1222302223529199
 373.0 0.12218932601883944
 374.0 0.12214785309524945
 375.0 0.12210579525120344
 376.0 0.1220631440534938
 377.0 0.12201989096655566
 378.0 0.12197602735243662
 379.0 0.12193154447083723
 380.0 0.1218864334792239
 381.0 0.12184068543301968
 382.0 0.12179429128587567
 383.0 0.12174724189002716
 384.0 0.12169952799673994
 385.0 0.12165114025684873
 386.0 0.12160206922139409
 387.0 0.1215523053423612
 388.0 0.12150183897352534
 389.0 0.12145066037140885
 390.0 0.12139875969635475
 391.0 0.12134612701372045
 392.0 0.12129275229519919
 393.0 0.12123862542027136
 394.0 0.12118373617779339
 395.0 0.12112807426772812
 396.0 0.12107162930302272
 397.0 0.1210143908116394
 398.0 0.12095634823874454
 399.0 0.12089749094906195
 400.0 0.12083780822939595
 401.0 0.12077728929133018
 402.0 0.12071592327410735
 403.0 0.12065369924769684
 404.0 0.12059060621605469
 405.0 0.12052663312058268
 406.0 0.12046176884379235
 407.0 0.12039600221317869
 408.0 0.12032932200531038
 409.0 0.12026171695014175
 410.0 0.1201931757355514
 411.0 0.12012368701211389
 412.0 0.12005323939810823
 413.0 0.11998182148477025
 414.0 0.11990942184179096
 415.0 0.11983602902306767
 416.0 0.11976163157271119
 417.0 0.11968621803131219
 418.0 0.11960977694247184
 419.0 0.1195322968595985
 420.0 0.11945376635297321
 421.0 0.11937417401708687
 422.0 0.11929350847824918
 423.0 0.11921175840247236
 424.0 0.11912891250362707
 425.0 0.11904495955187283
 426.0 0.11895988838235956
 427.0 0.1188736879041996
 428.0 0.11878634710970554
 429.0 0.11869785508389216
 430.0 0.1186082010142348
 431.0 0.11851737420068029
 432.0 0.11842536406590196
 433.0 0.11833216016579029
 434.0 0.11823775220017041
 435.0 0.11814213002373397
 436.0 0.1180452836571742
 437.0 0.11794720329850923
 438.0 0.117847879334579
 439.0 0.11774730235269842
 440.0 0.11764546315244823
 441.0 0.11754235275758353
 442.0 0.11743796242803806
 443.0 0.11733228367200077
 444.0 0.11722530825803944
 445.0 0.11711702822724407
 446.0 0.1170074359053626
 447.0 0.11689652391489695
 448.0 0.11678428518712898
 449.0 0.11667071297404161
 450.0 0.11655580086010134
 451.0 0.11643954277386348
 452.0 0.11632193299936483
 453.0 0.11620296618726159
 454.0 0.11608263736567379
 455.0 0.11596094195069483
 456.0 0.11583787575652169
 457.0 0.11571343500516494
 458.0 0.11558761633569274
 459.0 0.11546041681296654
 460.0 0.11533183393582205
 461.0 0.11520186564465387
 462.0 0.11507051032835712
 463.0 0.11493776683058568
 464.0 0.11480363445528269
 465.0 0.1146681129714432
 466.0 0.11453120261706996
 467.0 0.11439290410228305
 468.0 0.11425321861154947
 469.0 0.11411214780499938
 470.0 0.11396969381879754
 471.0 0.11382585926454462
 472.0 0.11368064722768331
 473.0 0.11353406126489092
 474.0 0.11338610540044058
 475.0 0.11323678412152219
 476.0 0.11308610237251426
 477.0 0.11293406554820608
 478.0 0.11278067948597285
 479.0 0.11262595045691219
 480.0 0.11246988515595695
 481.0 0.11231249069098265
 482.0 0.11215377457093584
 483.0 0.11199374469301353
 484.0 0.11183240932893122
 485.0 0.11166977711032082
 486.0 0.111505857013308
 487.0 0.11134065834232001
 488.0 0.11117419071318504
 489.0 0.11100646403558503
 490.0 0.11083748849493119
 491.0 0.11066727453373408
 492.0 0.11049583283254637
 493.0 0.11032317429055656
 494.0 0.11014931000591927
 495.0 0.10997425125590632
 496.0 0.1097980094769674
 497.0 0.10962059624479002
 498.0 0.10944202325444846
 499.0 0.10926230230073321
 500.0 0.10908144525875048
 501.0 0.10889946406488173
 502.0 0.10871637069819032
 503.0 0.10853217716236145
 504.0 0.10834689546825706
 505.0 0.10816053761716576
 506.0 0.10797311558482203
 507.0 0.1077846413062652
 508.0 0.10759512666160426
 509.0 0.10740458346274682
 510.0 0.10721302344114732
 511.0 0.10702045823662056
 512.0 0.10682689938726204
 513.0 0.10663235832050826
 514.0 0.10643684634536271
 515.0 0.10624037464580824
 516.0 0.10604295427541587
 517.0 0.10584459615315499
 518.0 0.10564531106040218
 519.0 0.10544510963913713
 520.0 0.1052440023913099
 521.0 0.10504199967935351
 522.0 0.10483911172781224
 523.0 0.10463534862604768
 524.0 0.10443072033198077
 525.0 0.10422523667681975
 526.0 0.10401890737072242
 527.0 0.10381174200933373
 528.0 0.10360375008113758
 529.0 0.10339494097555754
 530.0 0.10318532399173796
 531.0 0.10297490834793632
 532.0 0.10276370319145293
 533.0 0.1025517176090273
 534.0 0.10233896063762422
 535.0 0.10212544127553852
 536.0 0.1019111684937429
 537.0 0.10169615124740715
 538.0 0.10148039848751786
 539.0 0.10126391917252847
 540.0 0.10104672227997324
 541.0 0.10082881681798042
 542.0 0.10061021183662334
 543.0 0.10039091643905129
 544.0 0.10017093979234527
 545.0 9.995029113804811e-2
 546.0 9.972897980232191e-2
 547.0 9.950701520568958e-2
 548.0 9.928440687232268e-2
 549.0 9.906116443884017e-2
 550.0 9.883729766258825e-2
 551.0 9.861281642937575e-2
 552.0 9.838773076064262e-2
 553.0 9.816205082004442e-2
 554.0 9.79357869194391e-2
 555.0 9.770894952426622e-2
 556.0 9.748154925831254e-2
 557.0 9.725359690786235e-2
 558.0 9.702510342523185e-2
 559.0 9.679607993169323e-2
 560.0 9.656653771979481e-2
 561.0 9.633648825508609e-2
 562.0 9.610594317726126e-2
 563.0 9.587491430073379e-2
 564.0 9.56434136146598e-2
 565.0 9.54114532824265e-2
 566.0 9.51790456406261e-2
 567.0 9.494620319753472e-2
 568.0 9.471293863111861e-2
 569.0 9.447926478658834e-2
 570.0 9.42451946735247e-2
 571.0 9.401074146259844e-2
 572.0 9.377591848190645e-2
 573.0 9.354073921294777e-2
 574.0 9.330521728626082e-2
 575.0 9.306936647674466e-2
 576.0 9.283320069868493e-2
 577.0 9.259673400050551e-2
 578.0 9.235998055926516e-2
 579.0 9.212295467491817e-2
 580.0 9.188567076435777e-2
 581.0 9.164814335525681e-2
 582.0 9.141038707972396e-2
 583.0 9.117241666778861e-2
 584.0 9.093424694072821e-2
 585.0 9.069589280425036e-2
 586.0 9.045736924154135e-2
 587.0 9.02186913061913e-2
 588.0 8.997987411500477e-2
 589.0 8.974093284070575e-2
 590.0 8.950188270454462e-2
 591.0 8.926273896881305e-2
 592.0 8.902351692927432e-2
 593.0 8.878423190751313e-2
 594.0 8.854489924321104e-2
 595.0 8.830553428635202e-2
 596.0 8.806615238936213e-2
 597.0 8.782676889918813e-2
 598.0 8.75873991493196e-2
 599.0 8.734805845175792e-2
 600.0 8.710876208893809e-2
 601.0 8.68695253056073e-2
 602.0 8.663036330066565e-2
 603.0 8.639129121897553e-2
 604.0 8.615232414314482e-2
 605.0 8.591347708529226e-2
 606.0 8.567476497880104e-2
 607.0 8.543620267007085e-2
 608.0 8.519780491027633e-2
 609.0 8.495958634714176e-2
 610.0 8.472156151674455e-2
 611.0 8.448374483535692e-2
 612.0 8.424615059134033e-2
 613.0 8.400879293710477e-2
 614.0 8.377168588114717e-2
 615.0 8.35348432801844e-2
 616.0 8.329827883139561e-2
 617.0 8.306200606478988e-2
 618.0 8.282603833571699e-2
 619.0 8.2590388817536e-2
 620.0 8.235507049446178e-2
 621.0 8.212009615460412e-2
 622.0 8.188547838321895e-2
 623.0 8.165122955618838e-2
 624.0 8.141736183374725e-2
 625.0 8.118388715447251e-2
 626.0 8.095081722955337e-2
 627.0 8.071816353735688e-2
 628.0 8.048593731830558e-2
 629.0 8.025414957008106e-2
 630.0 8.002281104316775e-2
 631.0 7.979193223674887e-2
 632.0 7.956152339496718e-2
 633.0 7.933159450355982e-2
 634.0 7.910215528687684e-2
 635.0 7.887321520529092e-2
 636.0 7.864478345300462e-2
 637.0 7.841686895625917e-2
 638.0 7.818948037194867e-2
 639.0 7.796262608664088e-2
 640.0 7.77363142160037e-2
 641.0 7.751055260463702e-2
 642.0 7.728534882630522e-2
 643.0 7.706071018456621e-2
 644.0 7.683664371378965e-2
 645.0 7.661315618055721e-2
 646.0 7.639025408543447e-2
 647.0 7.616794366510388e-2
 648.0 7.594623089484685e-2
 649.0 7.57251214913604e-2
 650.0 7.550462091589513e-2
 651.0 7.528473437769748e-2
 652.0 7.506546683774042e-2
 653.0 7.484682301272508e-2
 654.0 7.462880737933433e-2
 655.0 7.441142417872072e-2
 656.0 7.419467742120854e-2
 657.0 7.397857089119064e-2
 658.0 7.376310815220055e-2
 659.0 7.354829255213943e-2
 660.0 7.333412722863793e-2
 661.0 7.312061511453344e-2
 662.0 7.29077589434428e-2
 663.0 7.269556125541092e-2
 664.0 7.248402440261717e-2
 665.0 7.227315055512011e-2
 666.0 7.206294170662372e-2
 667.0 7.185339968024722e-2
 668.0 7.164452613428245e-2
 669.0 7.143632256792333e-2
 670.0 7.122879032695205e-2
 671.0 7.102193060936883e-2
 672.0 7.081574447095167e-2
 673.0 7.061023283073456e-2
 674.0 7.040539647639261e-2
 675.0 7.020123606952465e-2
 676.0 6.999775215082367e-2
 677.0 6.979494514512742e-2
 678.0 6.959281536634188e-2
 679.0 6.939136302223119e-2
 680.0 6.919058821906963e-2
 681.0 6.899049096615016e-2
 682.0 6.879107118014732e-2
 683.0 6.859232868933092e-2
 684.0 6.839426323762944e-2
 685.0 6.819687448854135e-2
 686.0 6.80001620288951e-2
 687.0 6.780412537245711e-2
 688.0 6.760876396338922e-2
 689.0 6.741407717955736e-2
 690.0 6.72200643356929e-2
 691.0 6.702672468641e-2
 692.0 6.68340574290811e-2
 693.0 6.664206170657473e-2
 694.0 6.645073660985845e-2
 695.0 6.626008118047214e-2
 696.0 6.607009441287387e-2
 697.0 6.588077525666508e-2
 698.0 6.56921226186976e-2
 699.0 6.550413536506848e-2
 700.0 6.531681232300661e-2
 701.0 6.513015228265644e-2
 702.0 6.494415399876326e-2
 703.0 6.475881619226469e-2
 704.0 6.457413755179399e-2
 705.0 6.439011673509858e-2
 706.0 6.420675237037937e-2
 707.0 6.40240430575551e-2
 708.0 6.384198736945614e-2
 709.0 6.366058385295158e-2
 710.0 6.347983103001434e-2
 711.0 6.329972739872816e-2
 712.0 6.312027143423968e-2
 713.0 6.294146158965995e-2
 714.0 6.276329629691868e-2
 715.0 6.258577396757402e-2
 716.0 6.240889299358195e-2
 717.0 6.223265174802712e-2
 718.0 6.205704858581895e-2
 719.0 6.188208184435502e-2
 720.0 6.170774984415418e-2
 721.0 6.153405088946212e-2
 722.0 6.13609832688309e-2
 723.0 6.118854525567541e-2
 724.0 6.1016735108807334e-2
 725.0 6.0845551072949235e-2
 726.0 6.0674991379230186e-2
 727.0 6.0505054245664304e-2
 728.0 6.033573787761312e-2
 729.0 6.0167040468234144e-2
 730.0 5.9998960198915e-2
 731.0 5.983149523969596e-2
 732.0 5.9664643749680814e-2
 733.0 5.949840387743639e-2
 734.0 5.9332773761383115e-2
 735.0 5.916775153017565e-2
 736.0 5.9003335303075145e-2
 737.0 5.883952319031334e-2
 738.0 5.8676313293449134e-2
 739.0 5.851370370571779e-2
 740.0 5.835169251237366e-2
 741.0 5.8190277791026e-2
 742.0 5.802945761196922e-2
 743.0 5.786923003850676e-2
 744.0 5.77095931272697e-2
 745.0 5.7550544928529464e-2
 746.0 5.739208348650588e-2
 747.0 5.7234206839669455e-2
 748.0 5.707691302103923e-2
 749.0 5.692020005847547e-2
 750.0 5.676406597496766e-2
 751.0 5.660850878891781e-2
 752.0 5.6453526514419254e-2
 753.0 5.629911716153073e-2
 754.0 5.614527873654616e-2
 755.0 5.5992009242259826e-2
 756.0 5.58393066782273e-2
 757.0 5.5687169041021806e-2
 758.0 5.553559432448647e-2
 759.0 5.538458051998223e-2
 760.0 5.523412561663118e-2
 761.0 5.5084227601555985e-2
 762.0 5.493488446011495e-2
 763.0 5.478609417613288e-2
 764.0 5.463785473212763e-2
 765.0 5.449016410953257e-2
 766.0 5.4343020288915016e-2
 767.0 5.4196421250190176e-2
 768.0 5.405036497283128e-2
 769.0 5.390484943607564e-2
 770.0 5.3759872619126306e-2
 771.0 5.361543250135005e-2
 772.0 5.3471527062471054e-2
 773.0 5.3328154282760686e-2
 774.0 5.3185312143223494e-2
 775.0 5.304299862577899e-2
 776.0 5.290121171343957e-2
 777.0 5.2759949390484784e-2
 778.0 5.261920964263141e-2
 779.0 5.2478990457200184e-2
 780.0 5.2339289823278276e-2
 781.0 5.220010573187835e-2
 782.0 5.206143617609376e-2
 783.0 5.192327915125041e-2
 784.0 5.178563265505451e-2
 785.0 5.16484946877371e-2
 786.0 5.151186325219517e-2
 787.0 5.137573635412885e-2
 788.0 5.124011200217555e-2
 789.0 5.110498820804055e-2
 790.0 5.097036298662441e-2
 791.0 5.083623435614681e-2
 792.0 5.070260033826726e-2
 793.0 5.056945895820288e-2
 794.0 5.043680824484258e-2
 795.0 5.030464623085836e-2
 796.0 5.017297095281362e-2
 797.0 5.0041780451268385e-2
 798.0 4.991107277088146e-2
 799.0 4.978084596050993e-2
 800.0 4.965109807330566e-2
 801.0 4.95218271668088e-2
 802.0 4.9393031303038966e-2
 803.0 4.926470854858328e-2
 804.0 4.913685697468204e-2
 805.0 4.900947465731164e-2
 806.0 4.8882559677264896e-2
 807.0 4.875611012022892e-2
 808.0 4.863012407686062e-2
 809.0 4.85045996428595e-2
 810.0 4.837953491903837e-2
 811.0 4.825492801139164e-2
 812.0 4.8130777031161136e-2
 813.0 4.80070800949e-2
 814.0 4.7883835324534156e-2
 815.0 4.776104084742174e-2
 816.0 4.763869479641046e-2
 817.0 4.751679530989261e-2
 818.0 4.739534053185865e-2
 819.0 4.727432861194809e-2
 820.0 4.7153757705499025e-2
 821.0 4.703362597359548e-2
 822.0 4.691393158311297e-2
 823.0 4.679467270676231e-2
 824.0 4.667584752313156e-2
 825.0 4.65574542167263e-2
 826.0 4.6439490978008154e-2
 827.0 4.632195600343171e-2
 828.0 4.6204847495479845e-2
 829.0 4.608816366269735e-2
 830.0 4.5971902719723186e-2
 831.0 4.585606288732106e-2
 832.0 4.57406423924085e-2
 833.0 4.5625639468084817e-2
 834.0 4.551105235365721e-2
 835.0 4.539687929466578e-2
 836.0 4.528311854290707e-2
 837.0 4.516976835645638e-2
 838.0 4.505682699968885e-2
 839.0 4.4944292743298996e-2
 840.0 4.483216386431941e-2
 841.0 4.472043864613798e-2
 842.0 4.4609115378514155e-2
 843.0 4.449819235759387e-2
 844.0 4.438766788592345e-2
 845.0 4.427754027246263e-2
 846.0 4.416780783259614e-2
 847.0 4.40584688881445e-2
 848.0 4.3949521767373864e-2
 849.0 4.384096480500466e-2
 850.0 4.373279634221953e-2
 851.0 4.362501472667007e-2
 852.0 4.351761831248298e-2
 853.0 4.3410605460265046e-2
 854.0 4.330397453710738e-2
 855.0 4.3197723916588875e-2
 856.0 4.309185197877873e-2
 857.0 4.298635711023822e-2
 858.0 4.28812377040217e-2
 859.0 4.277649215967693e-2
 860.0 4.2672118883244486e-2
 861.0 4.25681162872566e-2
 862.0 4.2464482790735246e-2
 863.0 4.236121681918954e-2
 864.0 4.225831680461253e-2
 865.0 4.215578118547726e-2
 866.0 4.205360840673227e-2
 867.0 4.195179691979653e-2
 868.0 4.1850345182553525e-2
 869.0 4.1749251659345295e-2
 870.0 4.1648514820965196e-2
 871.0 4.154813314465074e-2
 872.0 4.1448105114075665e-2
 873.0 4.134842921934126e-2
 874.0 4.124910395696769e-2
 875.0 4.115012782988445e-2
 876.0 4.105149934742035e-2
 877.0 4.095321702529335e-2
 878.0 4.0855279385599526e-2
 879.0 4.0757684956802e-2
 880.0 4.0660432273719134e-2
 881.0 4.056351987751256e-2
 882.0 4.046694631567468e-2
 883.0 4.0370710142015744e-2
 884.0 4.027480991665063e-2
 885.0 4.017924420598541e-2
 886.0 4.0084011582703104e-2
 887.0 3.998911062574972e-2
 888.0 3.989453992031952e-2
 889.0 3.980029805783992e-2
 890.0 3.970638363595653e-2
 891.0 3.961279525851743e-2
 892.0 3.951953153555746e-2
 893.0 3.9426591083282e-2
 894.0 3.9333972524050714e-2
 895.0 3.924167448636082e-2
 896.0 3.914969560483023e-2
 897.0 3.905803452018043e-2
 898.0 3.8966689879219106e-2
 899.0 3.887566033482257e-2
 900.0 3.878494454591788e-2
 901.0 3.869454117746487e-2
 902.0 3.860444890043788e-2
 903.0 3.851466639180738e-2
 904.0 3.8425192334521276e-2
 905.0 3.833602541748627e-2
 906.0 3.824716433554862e-2
 907.0 3.8158607789475225e-2
 908.0 3.8070354485934266e-2
 909.0 3.798240313747559e-2
 910.0 3.789475246251137e-2
 911.0 3.7807401185296234e-2
 912.0 3.772034803590723e-2
 913.0 3.763359175022398e-2
 914.0 3.754713106990849e-2
 915.0 3.7460964742384896e-2
 916.0 3.7375091520819095e-2
 917.0 3.728951016409812e-2
 918.0 3.720421943680978e-2
 919.0 3.7119218109221766e-2
 920.0 3.703450495726097e-2
 921.0 3.695007876249258e-2
 922.0 3.68659383120992e-2
 923.0 3.6782082398859606e-2
 924.0 3.6698509821127906e-2
 925.0 3.6615219382812196e-2
 926.0 3.6532209893353276e-2
 927.0 3.644948016770347e-2
 928.0 3.636702902630523e-2
 929.0 3.628485529506956e-2
 930.0 3.6202957805354756e-2
 931.0 3.6121335393944784e-2
 932.0 3.6039986903027725e-2
 933.0 3.595891118017409e-2
 934.0 3.5878107078315465e-2
 935.0 3.579757345572247e-2
 936.0 3.571730917598331e-2
 937.0 3.5637313107982e-2
 938.0 3.555758412587657e-2
 939.0 3.54781211090774e-2
 940.0 3.5398922942225325e-2
 941.0 3.5319988515169945e-2
 942.0 3.524131672294772e-2
 943.0 3.5162906465760195e-2
 944.0 3.508475664895224e-2
 945.0 3.500686618299027e-2
 946.0 3.4929233983440174e-2
 947.0 3.485185897094581e-2
 948.0 3.477474007120707e-2
 949.0 3.4697876214957936e-2
 950.0 3.462126633794488e-2
 951.0 3.454490938090511e-2
 952.0 3.446880428954458e-2
 953.0 3.439295001451646e-2
 954.0 3.4317345511399304e-2
 955.0 3.424198974067528e-2
 956.0 3.416688166770871e-2
 957.0 3.409202026272412e-2
 958.0 3.4017404500784845e-2
 959.0 3.3943033361771194e-2
 960.0 3.386890583035905e-2
 961.0 3.379502089599829e-2
 962.0 3.3721377552891195e-2
 963.0 3.3647974799970996e-2
 964.0 3.357481164088056e-2
 965.0 3.350188708395076e-2
 966.0 3.3429200142179295e-2
 967.0 3.335674983320928e-2
 968.0 3.328453517930801e-2
 969.0 3.321255520734561e-2
 970.0 3.314080894877401e-2
 971.0 3.306929543960569e-2
 972.0 3.299801372039258e-2
 973.0 3.2926962836205026e-2
 974.0 3.285614183661078e-2
 975.0 3.278554977565414e-2
 976.0 3.2715185711834946e-2
 977.0 3.264504870808768e-2
 978.0 3.257513783176081e-2
 979.0 3.250545215459602e-2
 980.0 3.2435990752707484e-2
 981.0 3.236675270656126e-2
 982.0 3.229773710095473e-2
 983.0 3.222894302499611e-2
 984.0 3.216036957208401e-2
 985.0 3.2092015839886946e-2
 986.0 3.202388093032316e-2
 987.0 3.195596394954028e-2
 988.0 3.188826400789507e-2
 989.0 3.182078021993335e-2
 990.0 3.1753511704370005e-2
 991.0 3.1686457584068836e-2
 992.0 3.161961698602265e-2
 993.0 3.155298904133344e-2
 994.0 3.1486572885192445e-2
 995.0 3.142036765686066e-2
 996.0 3.135437249964879e-2
 997.0 3.1288586560898e-2
 998.0 3.1223008991960146e-2
 999.0 3.1157638948178294e-2
 1000.0 3.1092475588867567e-2
 1001.0 3.102751807729554e-2
 1002.0 3.096276558066309e-2
 1003.0 3.0898217270085186e-2
 1004.0 3.083387232057181e-2
 1005.0 3.076972991100875e-2
 1006.0 3.0705789224138944e-2
 1007.0 3.0642049446543206e-2
 1008.0 3.0578509768621604e-2
 1009.0 3.051516938457471e-2
 1010.0 3.0452027492384837e-2
 1011.0 3.0389083293797338e-2
 1012.0 3.0326335994302338e-2
 1013.0 3.0263784803116013e-2
 1014.0 3.020142893316223e-2
 1015.0 3.013926760105438e-2
 1016.0 3.0077300027077005e-2
 1017.0 3.0015525435167625e-2
 1018.0 2.9953943052898682e-2
 1019.0 2.9892552111459542e-2
 1020.0 2.983135184563844e-2
 1021.0 2.977034149380475e-2
 1022.0 2.9709520297891086e-2
 1023.0 2.9648887503375597e-2
 1024.0 2.9588442359264337e-2
 1025.0 2.9528184118073734e-2
 1026.0 2.9468112035812986e-2
 1027.0 2.9408225371966794e-2
 1028.0 2.9348523389477865e-2
 1029.0 2.928900535472967e-2
 1030.0 2.922967053752939e-2
 1031.0 2.9170518211090547e-2
 1032.0 2.9111547652016262e-2
 1033.0 2.9052758140282065e-2
 1034.0 2.8994148959218983e-2
 1035.0 2.893571939549693e-2
 1036.0 2.88774687391078e-2
 1037.0 2.8819396283348873e-2
 1038.0 2.876150132480614e-2
 1039.0 2.870378316333787e-2
 1040.0 2.864624110205814e-2
 1041.0 2.8588874447320556e-2
 1042.0 2.8531682508701747e-2
 1043.0 2.847466459898534e-2
 1044.0 2.841782003414582e-2
 1045.0 2.8361148133332372e-2
 1046.0 2.8304648218852882e-2
 1047.0 2.824831961615817e-2
 1048.0 2.8192161653825994e-2
 1049.0 2.8136173663545292e-2
 1050.0 2.8080354980100676e-2
 1051.0 2.802470494135648e-2
 1052.0 2.7969222888241625e-2
 1053.0 2.7913908164733766e-2
 1054.0 2.785876011784415e-2
 1055.0 2.7803778097602205e-2
 1056.0 2.774896145704027e-2
 1057.0 2.7694309552178432e-2
 1058.0 2.7639821742009487e-2
 1059.0 2.7585497388483822e-2
 1060.0 2.7531335856494452e-2
 1061.0 2.747733651386224e-2
 1062.0 2.742349873132105e-2
 1063.0 2.7369821882502924e-2
 1064.0 2.7316305343923472e-2
 1065.0 2.7262948494967236e-2
 1066.0 2.7209750717873276e-2
 1067.0 2.715671139772061e-2
 1068.0 2.7103829922413857e-2
 1069.0 2.7051105682668934e-2
 1070.0 2.6998538071998847e-2
 1071.0 2.6946126486699463e-2
 1072.0 2.689387032583549e-2
 1073.0 2.6841768991226284e-2
 1074.0 2.6789821887432112e-2
 1075.0 2.6738028421740105e-2
 1076.0 2.6686388004150484e-2
 1077.0 2.663490004736287e-2
 1078.0 2.658356396676251e-2
 1079.0 2.6532379180406653e-2
 1080.0 2.648134510901114e-2
 1081.0 2.6430461175936823e-2
 1082.0 2.6379726807176117e-2
 1083.0 2.632914143133978e-2
 1084.0 2.6278704479643603e-2
 1085.0 2.6228415385895102e-2
 1086.0 2.6178273586480547e-2
 1087.0 2.6128278520351773e-2
 1088.0 2.607842962901323e-2
 1089.0 2.6028726356509005e-2
 1090.0 2.597916814940996e-2
 1091.0 2.5929754456801016e-2
 1092.0 2.5880484730268258e-2
 1093.0 2.583135842388641e-2
 1094.0 2.5782374994206138e-2
 1095.0 2.5733533900241464e-2
 1096.0 2.5684834603457402e-2
 1097.0 2.5636276567757504e-2
 1098.0 2.5587859259471504e-2
 1099.0 2.5539582147342994e-2
 1100.0 2.5491444702517213e-2
 1101.0 2.5443446398528906e-2
 1102.0 2.5395586711290274e-2
 1103.0 2.534786511907887e-2
 1104.0 2.5300281102525607e-2
 1105.0 2.5252834144602887e-2
 1106.0 2.520552373061287e-2
 1107.0 2.515834934817541e-2
 1108.0 2.5111310487216577e-2
 1109.0 2.5064406639956977e-2
 1110.0 2.5017637300899943e-2
 1111.0 2.4971001966820228e-2
 1112.0 2.492450013675246e-2
 1113.0 2.487813131197957e-2
 1114.0 2.4831894996021706e-2
 1115.0 2.4785790694624648e-2
 1116.0 2.4739817915748828e-2
 1117.0 2.4693976169557912e-2
 1118.0 2.464826496840778e-2
 1119.0 2.460268382683551e-2
 1120.0 2.455723226154833e-2
 1121.0 2.4511909791412694e-2
 1122.0 2.446671593744326e-2
 1123.0 2.4421650222792194e-2
 1124.0 2.437671217273839e-2
 1125.0 2.4331901314676694e-2
 1126.0 2.4287217178107254e-2
 1127.0 2.4242659294624935e-2
 1128.0 2.4198227197908772e-2
 1129.0 2.4153920423711426e-2
 1130.0 2.4109738509848787e-2
 1131.0 2.4065680996189564e-2
 1132.0 2.4021747424644975e-2
 1133.0 2.3977937339158602e-2
 1134.0 2.393425028569585e-2
 1135.0 2.3890685812234004e-2
 1136.0 2.3847243468752256e-2
 1137.0 2.3803922807221326e-2
 1138.0 2.3760723381593664e-2
 1139.0 2.3717644747793403e-2
 1140.0 2.3674686463706553e-2
 1141.0 2.36318480891711e-2
 1142.0 2.358912918596726e-2
 1143.0 2.3546529317807634e-2
 1144.0 2.35040480503277e-2
 1145.0 2.3461684951075916e-2
 1146.0 2.3419439589504387e-2
 1147.0 2.3377311536959232e-2
 1148.0 2.3335300366671075e-2
 1149.0 2.329340565374558e-2
 1150.0 2.3251626975154326e-2
 1151.0 2.320996390972503e-2
 1152.0 2.3168416038132612e-2
 1153.0 2.3126982942889947e-2
 1154.0 2.3085664208338443e-2
 1155.0 2.304445942063922e-2
 1156.0 2.3003368167763723e-2
 1157.0 2.296239003948498e-2
 1158.0 2.2921524627368316e-2
 1159.0 2.2880771524762644e-2
 1160.0 2.284013032679149e-2
 1161.0 2.2799600630344148e-2
 1162.0 2.2759182034066877e-2
 1163.0 2.271887413835418e-2
 1164.0 2.267867654534005e-2
 1165.0 2.2638588858889374e-2
 1166.0 2.2598610684589272e-2
 1167.0 2.2558741629740586e-2
 1168.0 2.2518981303349356e-2
 1169.0 2.2479329316118263e-2
 1170.0 2.2439785280438294e-2
 1171.0 2.2400348810380347e-2
 1172.0 2.2361019521686856e-2
 1173.0 2.2321797031763624e-2
 1174.0 2.228268095967129e-2
 1175.0 2.224367092611752e-2
 1176.0 2.2204766553448496e-2
 1177.0 2.2165967465640996e-2
 1178.0 2.2127273288294325e-2
 1179.0 2.208868364862214e-2
 1180.0 2.2050198175444607e-2
 1181.0 2.2011816499180457e-2
 1182.0 2.1973538251839012e-2
 1183.0 2.1935363067012322e-2
 1184.0 2.1897290579867456e-2
 1185.0 2.1859320427138576e-2
 1186.0 2.1821452247119396e-2
 1187.0 2.1783685679655357e-2
 1188.0 2.174602036613594e-2
 1189.0 2.1708455949487213e-2
 1190.0 2.1670992074164137e-2
 1191.0 2.1633628386143123e-2
 1192.0 2.1596364532914483e-2
 1193.0 2.1559200163474967e-2
 1194.0 2.152213492832053e-2
 1195.0 2.1485168479438668e-2
 1196.0 2.1448300470301433e-2
 1197.0 2.1411530555857834e-2
 1198.0 2.137485839252681e-2
 1199.0 2.1338283638189917e-2
 1200.0 2.1301805952184224e-2
 1201.0 2.1265424995295074e-2
 1202.0 2.122914042974912e-2
 1203.0 2.119295191920719e-2
 1204.0 2.1156859128757272e-2
 1205.0 2.112086172490755e-2
 1206.0 2.108495937557952e-2
 1207.0 2.1049151750100952e-2
 1208.0 2.101343851919911e-2
 1209.0 2.0977819354994005e-2
 1210.0 2.094229393099137e-2
 1211.0 2.090686192207616e-2
 1212.0 2.0871523004505576e-2
 1213.0 2.0836276855902645e-2
 1214.0 2.0801123155249325e-2
 1215.0 2.0766061582880063e-2
 1216.0 2.073109182047515e-2
 1217.0 2.069621355105419e-2
 1218.0 2.0661426458969543e-2
 1219.0 2.062673022989992e-2
 1220.0 2.0592124550843898e-2
 1221.0 2.0557609110113544e-2
 1222.0 2.0523183597328055e-2
 1223.0 2.04888477034074e-2
 1224.0 2.0454601120565925e-2
 1225.0 2.0420443542306287e-2
 1226.0 2.038637466341307e-2
 1227.0 2.0352394179946557e-2
 1228.0 2.0318501789236748e-2
 1229.0 2.028469718987703e-2
 1230.0 2.0250980081718162e-2
 1231.0 2.0217350165862128e-2
 1232.0 2.018380714465625e-2
 1233.0 2.015035072168703e-2
 1234.0 2.011698060177423e-2
 1235.0 2.0083696490964992e-2
 1236.0 2.0050498096527824e-2
 1237.0 2.001738512694681e-2
 1238.0 1.9984357291915687e-2
 1239.0 1.995141430233201e-2
 1240.0 1.9918555870291565e-2
 1241.0 1.9885781709082333e-2
 1242.0 1.9853091533179018e-2
 1243.0 1.9820485058237098e-2
 1244.0 1.978796200108743e-2
 1245.0 1.9755522079730425e-2
 1246.0 1.972316501333052e-2
 1247.0 1.9690890522210618e-2
 1248.0 1.9658698327846492e-2
 1249.0 1.9626588152861293e-2
 1250.0 1.9594559721020106e-2
 1251.0 1.956261275722439e-2
 1252.0 1.9530746987506755e-2
 1253.0 1.949896213902526e-2
 1254.0 1.9467257940058384e-2
 1255.0 1.9435634119999327e-2
 1256.0 1.9404090409351062e-2
 1257.0 1.9372626539720814e-2
 1258.0 1.9341242243814782e-2
 1259.0 1.9309937255433136e-2
 1260.0 1.9278711309464524e-2
 1261.0 1.924756414188118e-2
 1262.0 1.921649548973354e-2
 1263.0 1.9185505091145357e-2
 1264.0 1.9154592685308336e-2
 1265.0 1.9123758012477263e-2
 1266.0 1.909300081396498e-2
 1267.0 1.906232083213726e-2
 1268.0 1.9031717810407883e-2
 1269.0 1.9001191493233687e-2
 1270.0 1.8970741626109604e-2
 1271.0 1.8940367955563735e-2
 1272.0 1.8910070229152608e-2
 1273.0 1.8879848195456093e-2
 1274.0 1.8849701604072764e-2
 1275.0 1.881963020561505e-2
 1276.0 1.8789633751704362e-2
 1277.0 1.8759711994966517e-2
 1278.0 1.8729864689026824e-2
 1279.0 1.8700091588505517e-2
 1280.0 1.8670392449012994e-2
 1281.0 1.864076702714515e-2
 1282.0 1.861121508047895e-2
 1283.0 1.8581736367567464e-2
 1284.0 1.8552330647935635e-2
 1285.0 1.852299768207551e-2
 1286.0 1.8493737231441806e-2
 1287.0 1.8464549058447362e-2
 1288.0 1.8435432926458592e-2
 1289.0 1.84063885997912e-2
 1290.0 1.837741584370554e-2
 1291.0 1.8348514424402378e-2
 1292.0 1.83196841090183e-2
 1293.0 1.8290924665621572e-2
 1294.0 1.826223586320762e-2
 1295.0 1.8233617471694788e-2
 1296.0 1.8205069261919966e-2
 1297.0 1.8176591005634415e-2
 1298.0 1.8148182475499403e-2
 1299.0 1.811984344508212e-2
 1300.0 1.8091573688851285e-2
 1301.0 1.8063372982173045e-2
 1302.0 1.803524110130683e-2
 1303.0 1.8007177823401214e-2
 1304.0 1.797918292648966e-2
 1305.0 1.795125618948664e-2
 1306.0 1.7923397392183304e-2
 1307.0 1.7895606315243614e-2
 1308.0 1.7867882740200212e-2
 1309.0 1.7840226449450425e-2
 1310.0 1.7812637226252297e-2
 1311.0 1.7785114854720525e-2
 1312.0 1.7757659119822605e-2
 1313.0 1.7730269807374823e-2
 1314.0 1.7702946704038384e-2
 1315.0 1.767568959731547e-2
 1316.0 1.7648498275545443e-2
 1317.0 1.7621372527900928e-2
 1318.0 1.759431214438392e-2
 1319.0 1.756731691582219e-2
 1320.0 1.754038663386523e-2
 1321.0 1.751352109098065e-2
 1322.0 1.7486720080450283e-2
 1323.0 1.7459983396366615e-2
 1324.0 1.7433310833628982e-2
 1325.0 1.7406702187939813e-2
 1326.0 1.7380157255801016e-2
 1327.0 1.7353675834510376e-2
 1328.0 1.7327257722157846e-2
 1329.0 1.7300902717621806e-2
 1330.0 1.7274610620565747e-2
 1331.0 1.7248381231434413e-2
 1332.0 1.7222214351450413e-2
 1333.0 1.719610978261053e-2
 1334.0 1.7170067327682347e-2
 1335.0 1.7144086790200602e-2
 1336.0 1.711816797446378e-2
 1337.0 1.7092310685530545e-2
 1338.0 1.706651472921642e-2
 1339.0 1.7040779912090222e-2
 1340.0 1.701510604147068e-2
 1341.0 1.698949292542305e-2
 1342.0 1.6963940372755715e-2
 1343.0 1.6938448193016823e-2
 1344.0 1.691301619649087e-2
 1345.0 1.68876441941955e-2
 1346.0 1.686233199787809e-2
 1347.0 1.6837079420012377e-2
 1348.0 1.6811886273795346e-2
 1349.0 1.678675237314388e-2
 1350.0 1.6761677532691453e-2
 1351.0 1.6736661567784965e-2
 1352.0 1.6711704294481575e-2
 1353.0 1.6686805529545268e-2
 1354.0 1.6661965090444004e-2
 1355.0 1.6637182795346324e-2
 1356.0 1.6612458463118172e-2
 1357.0 1.6587791913319928e-2
 1358.0 1.656318296620317e-2
 1359.0 1.653863144270758e-2
 1360.0 1.651413716445788e-2
 1361.0 1.6489699953760723e-2
 1362.0 1.6465319633601688e-2
 1363.0 1.6440996027642193e-2
 1364.0 1.6416728960216502e-2
 1365.0 1.639251825632865e-2
 1366.0 1.6368363741649534e-2
 1367.0 1.6344265242513884e-2
 1368.0 1.6320222585917272e-2
 1369.0 1.629623559951322e-2
 1370.0 1.627230411161019e-2
 1371.0 1.6248427951168796e-2
 1372.0 1.6224606947798686e-2
 1373.0 1.6200840931755875e-2
 1374.0 1.61771297339397e-2
 1375.0 1.615347318589004e-2
 1376.0 1.6129871119784464e-2
 1377.0 1.6106323368435357e-2
 1378.0 1.608282976528713e-2
 1379.0 1.6059390144413408e-2
 1380.0 1.6036004340514238e-2
 1381.0 1.6012672188913335e-2
 1382.0 1.5989393525555267e-2
 1383.0 1.5966168187002763e-2
 1384.0 1.5942996010433905e-2
 1385.0 1.591987683363951e-2
 1386.0 1.5896810495020265e-2
 1387.0 1.5873796833584246e-2
 1388.0 1.5850835688944038e-2
 1389.0 1.5827926901314168e-2
 1390.0 1.5805070311508445e-2
 1391.0 1.5782265760937282e-2
 1392.0 1.5759513091605087e-2
 1393.0 1.5736812146107712e-2
 1394.0 1.5714162767629675e-2
 1395.0 1.5691564799941816e-2
 1396.0 1.5669018087398488e-2
 1397.0 1.5646522474935132e-2
 1398.0 1.5624077808065705e-2
 1399.0 1.5601683932880169e-2
 1400.0 1.557934069604179e-2
 1401.0 1.5557047944784932e-2
 1402.0 1.5534805526912275e-2
 1403.0 1.5512613290792452e-2
 1404.0 1.5490471085357631e-2
 1405.0 1.5468378760100873e-2
 1406.0 1.5446336165073878e-2
 1407.0 1.542434315088443e-2
 1408.0 1.5402399568694004e-2
 1409.0 1.5380505270215334e-2
 1410.0 1.5358660107710085e-2
 1411.0 1.533686393398631e-2
 1412.0 1.531511660239622e-2
 1413.0 1.5293417966833766e-2
 1414.0 1.527176788173227e-2
 1415.0 1.5250166202062066e-2
 1416.0 1.5228612783328216e-2
 1417.0 1.5207107481568172e-2
 1418.0 1.518565015334946e-2
 1419.0 1.5164240655767386e-2
 1420.0 1.5142878846442727e-2
 1421.0 1.5121564583519506e-2
 1422.0 1.5100297725662674e-2
 1423.0 1.5079078132055914e-2
 1424.0 1.5057905662399333e-2
 1425.0 1.5036780176907306e-2
 1426.0 1.5015701536306188e-2
 1427.0 1.4994669601832171e-2
 1428.0 1.4973684235228974e-2
 1429.0 1.4952745298745827e-2
 1430.0 1.4931852655135134e-2
 1431.0 1.4911006167650422e-2
 1432.0 1.4890205700044113e-2
 1433.0 1.4869451116565431e-2
 1434.0 1.4848742281958165e-2
 1435.0 1.4828079061458685e-2
 1436.0 1.4807461320793778e-2
 1437.0 1.4786888926178542e-2
 1438.0 1.4766361744314211e-2
 1439.0 1.4745879642386215e-2
 1440.0 1.4725442488062008e-2
 1441.0 1.4705050149489071e-2
 1442.0 1.46847024952928e-2
 1443.0 1.4664399394574496e-2
 1444.0 1.4644140716909318e-2
 1445.0 1.4623926332344302e-2
 1446.0 1.4603756111396306e-2
 1447.0 1.4583629925050003e-2
 1448.0 1.4563547644755896e-2
 1449.0 1.4543509142428407e-2
 1450.0 1.4523514290443785e-2
 1451.0 1.4503562961638196e-2
 1452.0 1.4483655029305815e-2
 1453.0 1.4463790367196793e-2
 1454.0 1.4443968849515374e-2
 1455.0 1.4424190350917954e-2
 1456.0 1.4404454746511216e-2
 1457.0 1.438476191185011e-2
 1458.0 1.4365111722936086e-2
 1459.0 1.4345504056215071e-2
 1460.0 1.4325938788575757e-2
 1461.0 1.4306415797347512e-2
 1462.0 1.4286934960298724e-2
 1463.0 1.4267496155634836e-2
 1464.0 1.4248099261996532e-2
 1465.0 1.4228744158457863e-2
 1466.0 1.4209430724524526e-2
 1467.0 1.4190158840131925e-2
 1468.0 1.4170928385643418e-2
 1469.0 1.4151739241848536e-2
 1470.0 1.4132591289961107e-2
 1471.0 1.4113484411617647e-2
 1472.0 1.409441848887536e-2
 1473.0 1.4075393404210513e-2
 1474.0 1.405640904051669e-2
 1475.0 1.4037465281102997e-2
 1476.0 1.4018562009692271e-2
 1477.0 1.3999699110419483e-2
 1478.0 1.3980876467829893e-2
 1479.0 1.3962093966877377e-2
 1480.0 1.3943351492922735e-2
 1481.0 1.3924648931731958e-2
 1482.0 1.3905986169474556e-2
 1483.0 1.3887363092721932e-2
 1484.0 1.386877958844555e-2
 1485.0 1.3850235544015488e-2
 1486.0 1.3831730847198517e-2
 1487.0 1.3813265386156709e-2
 1488.0 1.3794839049445631e-2
 1489.0 1.377645172601275e-2
 1490.0 1.3758103305195802e-2
 1491.0 1.3739793676721183e-2
 1492.0 1.3721522730702351e-2
 1493.0 1.3703290357638195e-2
 1494.0 1.368509644841143e-2
 1495.0 1.3666940894287058e-2
 1496.0 1.364882358691073e-2
 1497.0 1.3630744418307134e-2
 1498.0 1.3612703280878602e-2
 1499.0 1.3594700067403336e-2
 1500.0 1.357673467103401e-2
 1501.0 1.355880698529613e-2
 1502.0 1.3540916904086582e-2
 1503.0 1.352306432167198e-2
 1504.0 1.3505249132687325e-2
 1505.0 1.348747123213426e-2
 1506.0 1.3469730515379778e-2
 1507.0 1.3452026878154583e-2
 1508.0 1.3434360216551639e-2
 1509.0 1.3416730427024669e-2
 1510.0 1.3399137406386711e-2
 1511.0 1.3381581051808608e-2
 1512.0 1.3364061260817546e-2
 1513.0 1.3346577931295586e-2
 1514.0 1.332913096147825e-2
 1515.0 1.3311720249953023e-2
 1516.0 1.3294345695657961e-2
 1517.0 1.327700719788024e-2
 1518.0 1.3259704656254711e-2
 1519.0 1.3242437970762475e-2
 1520.0 1.3225207041729527e-2
 1521.0 1.3208011769825292e-2
 1522.0 1.3190852056061284e-2
 1523.0 1.317372780178961e-2
 1524.0 1.3156638908701708e-2
 1525.0 1.3139585278826874e-2
 1526.0 1.312256681453094e-2
 1527.0 1.3105583418514862e-2
 1528.0 1.3088634993813431e-2
 1529.0 1.3071721443793831e-2
 1530.0 1.3054842672154355e-2
 1531.0 1.303799858292301e-2
 1532.0 1.3021189080456267e-2
 1533.0 1.3004414069437635e-2
 1534.0 1.2987673454876357e-2
 1535.0 1.2970967142106191e-2
 1536.0 1.2954295036783938e-2
 1537.0 1.2937657044888253e-2
 1538.0 1.2921053072718338e-2
 1539.0 1.2904483026892583e-2
 1540.0 1.2887946814347382e-2
 1541.0 1.28714443423357e-2
 1542.0 1.2854975518425961e-2
 1543.0 1.2838540250500666e-2
 1544.0 1.2822138446755189e-2
 1545.0 1.2805770015696495e-2
 1546.0 1.2789434866141878e-2
 1547.0 1.2773132907217745e-2
 1548.0 1.2756864048358338e-2
 1549.0 1.2740628199304575e-2
 1550.0 1.2724425270102693e-2
 1551.0 1.2708255171103158e-2
 1552.0 1.2692117812959315e-2
 1553.0 1.2676013106626331e-2
 1554.0 1.2659940963359873e-2
 1555.0 1.2643901294714903e-2
 1556.0 1.262789401254457e-2
 1557.0 1.2611919028998953e-2
 1558.0 1.2595976256523892e-2
 1559.0 1.258006560785982e-2
 1560.0 1.2564186996040514e-2
 1561.0 1.2548340334392087e-2
 1562.0 1.2532525536531634e-2
 1563.0 1.2516742516366242e-2
 1564.0 1.2500991188091769e-2
 1565.0 1.2485271466191588e-2
 1566.0 1.246958326543566e-2
 1567.0 1.2453926500879262e-2
 1568.0 1.243830108786182e-2
 1569.0 1.2422706942005906e-2
 1570.0 1.2407143979216025e-2
 1571.0 1.2391612115677538e-2
 1572.0 1.2376111267855509e-2
 1573.0 1.2360641352493677e-2
 1574.0 1.2345202286613241e-2
 1575.0 1.2329793987511882e-2
 1576.0 1.2314416372762597e-2
 1577.0 1.2299069360212668e-2
 1578.0 1.228375286798247e-2
 1579.0 1.2268466814464559e-2
 1580.0 1.225321111832246e-2
 1581.0 1.2237985698489657e-2
 1582.0 1.2222790474168533e-2
 1583.0 1.2207625364829307e-2
 1584.0 1.2192490290209e-2
 1585.0 1.217738517031036e-2
 1586.0 1.2162309925400794e-2
 1587.0 1.2147264476011421e-2
 1588.0 1.2132248742935909e-2
 1589.0 1.2117262647229588e-2
 1590.0 1.2102306110208317e-2
 1591.0 1.2087379053447535e-2
 1592.0 1.2072481398781183e-2
 1593.0 1.205761306830075e-2
 1594.0 1.20427739843542e-2
 1595.0 1.2027964069545071e-2
 1596.0 1.2013183246731366e-2
 1597.0 1.199843143902465e-2
 1598.0 1.1983708569789017e-2
 1599.0 1.1969014562640113e-2
 1600.0 1.1954349341444173e-2
 1601.0 1.1939712830316982e-2
 1602.0 1.1925104953623025e-2
 1603.0 1.1910525635974382e-2
 1604.0 1.1895974802229935e-2
 1605.0 1.1881452377494188e-2
 1606.0 1.1866958287116505e-2
 1607.0 1.185249245669009e-2
 1608.0 1.1838054812051045e-2
 1609.0 1.1823645279277407e-2
 1610.0 1.1809263784688275e-2
 1611.0 1.1794910254842765e-2
 1612.0 1.1780584616539224e-2
 1613.0 1.17662867968142e-2
 1614.0 1.1752016722941546e-2
 1615.0 1.1737774322431565e-2
 1616.0 1.1723559523029998e-2
 1617.0 1.1709372252717195e-2
 1618.0 1.1695212439707153e-2
 1619.0 1.1681080012446703e-2
 1620.0 1.1666974899614515e-2
 1621.0 1.1652897030120245e-2
 1622.0 1.1638846333103652e-2
 1623.0 1.1624822737933747e-2
 1624.0 1.1610826174207866e-2
 1625.0 1.1596856571750773e-2
 1626.0 1.1582913860613891e-2
 1627.0 1.1568997971074286e-2
 1628.0 1.1555108833633945e-2
 1629.0 1.1541246379018797e-2
 1630.0 1.1527410538177978e-2
 1631.0 1.1513601242282852e-2
 1632.0 1.1499818422726248e-2
 1633.0 1.1486062011121572e-2
 1634.0 1.1472331939302022e-2
 1635.0 1.1458628139319625e-2
 1636.0 1.144495054344456e-2
 1637.0 1.1431299084164221e-2
 1638.0 1.1417673694182449e-2
 1639.0 1.1404074306418634e-2
 1640.0 1.1390500854006948e-2
 1641.0 1.1376953270295585e-2
 1642.0 1.1363431488845792e-2
 1643.0 1.1349935443431224e-2
 1644.0 1.133646506803702e-2
 1645.0 1.13230202968591e-2
 1646.0 1.1309601064303227e-2
 1647.0 1.1296207304984417e-2
 1648.0 1.1282838953725905e-2
 1649.0 1.126949594555857e-2
 1650.0 1.1256178215720012e-2
 1651.0 1.1242885699653858e-2
 1652.0 1.1229618333008895e-2
 1653.0 1.1216376051638376e-2
 1654.0 1.1203158791599232e-2
 1655.0 1.1189966489151224e-2
 1656.0 1.1176799080756333e-2
 1657.0 1.1163656503077825e-2
 1658.0 1.1150538692979634e-2
 1659.0 1.113744558752552e-2
 1660.0 1.1124377123978393e-2
 1661.0 1.111133323979944e-2
 1662.0 1.1098313872647545e-2
 1663.0 1.1085318960378386e-2
 1664.0 1.1072348441043817e-2
 1665.0 1.1059402252891063e-2
 1666.0 1.1046480334362044e-2
 1667.0 1.1033582624092583e-2
 1668.0 1.102070906091174e-2
 1669.0 1.100785958384102e-2
 1670.0 1.0995034132093736e-2
 1671.0 1.098223264507422e-2
 1672.0 1.0969455062377155e-2
 1673.0 1.0956701323786856e-2
 1674.0 1.0943971369276504e-2
 1675.0 1.093126513900756e-2
 1676.0 1.0918582573328965e-2
 1677.0 1.0905923612776479e-2
 1678.0 1.0893288198071963e-2
 1679.0 1.0880676270122736e-2
 1680.0 1.086808777002082e-2
 1681.0 1.085552263904233e-2
 1682.0 1.0842980818646694e-2
 1683.0 1.0830462250476049e-2
 1684.0 1.0817966876354577e-2
 1685.0 1.0805494638287717e-2
 1686.0 1.0793045478461634e-2
 1687.0 1.0780619339242447e-2
 1688.0 1.0768216163175635e-2
 1689.0 1.0755835892985337e-2
 1690.0 1.074347847157365e-2
 1691.0 1.0731143842020056e-2
 1692.0 1.0718831947580727e-2
 1693.0 1.0706542731687842e-2
 1694.0 1.0694276137949018e-2
 1695.0 1.0682032110146537e-2
 1696.0 1.066981059223685e-2
 1697.0 1.0657611528349837e-2
 1698.0 1.0645434862788229e-2
 1699.0 1.0633280540026895e-2
 1700.0 1.0621148504712257e-2
 1701.0 1.0609038701661664e-2
 1702.0 1.0596951075862776e-2
 1703.0 1.0584885572472932e-2
 1704.0 1.0572842136818427e-2
 1705.0 1.0560820714394126e-2
 1706.0 1.0548821250862532e-2
 1707.0 1.053684369205351e-2
 1708.0 1.0524887983963376e-2
 1709.0 1.0512954072754497e-2
 1710.0 1.0501041904754538e-2
 1711.0 1.0489151426455996e-2
 1712.0 1.0477282584515489e-2
 1713.0 1.0465435325753237e-2
 1714.0 1.045360959715234e-2
 1715.0 1.0441805345858346e-2
 1716.0 1.043002251917854e-2
 1717.0 1.0418261064581416e-2
 1718.0 1.0406520929696064e-2
 1719.0 1.03948020623116e-2
 1720.0 1.0383104410376555e-2
 1721.0 1.0371427921998338e-2
 1722.0 1.0359772545442649e-2
 1723.0 1.034813822913285e-2
 1724.0 1.0336524921649487e-2
 1725.0 1.0324932571729653e-2
 1726.0 1.0313361128266427e-2
 1727.0 1.030181054030835e-2
 1728.0 1.029028075705877e-2
 1729.0 1.0278771727875446e-2
 1730.0 1.0267283402269789e-2
 1731.0 1.0255815729906486e-2
 1732.0 1.0244368660602795e-2
 1733.0 1.0232942144328114e-2
 1734.0 1.0221536131203364e-2
 1735.0 1.0210150571500497e-2
 1736.0 1.0198785415641839e-2
 1737.0 1.0187440614199735e-2
 1738.0 1.0176116117895845e-2
 1739.0 1.0164811877600658e-2
 1740.0 1.015352784433298e-2
 1741.0 1.0142263969259364e-2
 1742.0 1.0131020203693667e-2
 1743.0 1.0119796499096332e-2
 1744.0 1.0108592807074093e-2
 1745.0 1.009740907937929e-2
 1746.0 1.0086245267909426e-2
 1747.0 1.0075101324706605e-2
 1748.0 1.0063977201956993e-2
 1749.0 1.0052872851990422e-2
 1750.0 1.004178822727971e-2
 1751.0 1.0030723280440308e-2
 1752.0 1.0019677964229635e-2
 1753.0 1.0008652231546735e-2
 1754.0 9.997646035431632e-3
 1755.0 9.986659329064913e-3
 1756.0 9.9756920657672e-3
 1757.0 9.96474419899862e-3
 1758.0 9.953815682358355e-3
 1759.0 9.94290646958416e-3
 1760.0 9.932016514551788e-3
 1761.0 9.921145771274627e-3
 1762.0 9.910294193903043e-3
 1763.0 9.89946173672406e-3
 1764.0 9.88864835416076e-3
 1765.0 9.877854000771869e-3
 1766.0 9.867078631251263e-3
 1767.0 9.856322200427427e-3
 1768.0 9.845584663263095e-3
 1769.0 9.834865974854628e-3
 1770.0 9.824166090431715e-3
 1771.0 9.813484965356736e-3
 1772.0 9.802822555124406e-3
 1773.0 9.792178815361225e-3
 1774.0 9.781553701825122e-3
 1775.0 9.770947170404871e-3
 1776.0 9.760359177119702e-3
 1777.0 9.749789678118839e-3
 1778.0 9.739238629680997e-3
 1779.0 9.728705988213978e-3
 1780.0 9.7181917102542e-3
 1781.0 9.707695752466206e-3
 1782.0 9.697218071642297e-3
 1783.0 9.686758624702004e-3
 1784.0 9.676317368691656e-3
 1785.0 9.665894260784003e-3
 1786.0 9.6554892582777e-3
 1787.0 9.645102318596856e-3
 1788.0 9.634733399290676e-3
 1789.0 9.62438245803295e-3
 1790.0 9.614049452621632e-3
 1791.0 9.603734340978434e-3
 1792.0 9.59343708114835e-3
 1793.0 9.583157631299266e-3
 1794.0 9.572895949721508e-3
 1795.0 9.562651994827469e-3
 1796.0 9.552425725151035e-3
 1797.0 9.542217099347343e-3
 1798.0 9.532026076192265e-3
 1799.0 9.521852614581995e-3
 1800.0 9.511696673532634e-3
 1801.0 9.501558212179774e-3
 1802.0 9.491437189778122e-3
 1803.0 9.48133356570097e-3
 1804.0 9.471247299439935e-3
 1805.0 9.461178350604432e-3
 1806.0 9.451126678921333e-3
 1807.0 9.441092244234573e-3
 1808.0 9.431075006504605e-3
 1809.0 9.421074925808182e-3
 1810.0 9.411091962337843e-3
 1811.0 9.401126076401548e-3
 1812.0 9.39117722842231e-3
 1813.0 9.38124537893768e-3
 1814.0 9.371330488599526e-3
 1815.0 9.361432518173446e-3
 1816.0 9.351551428538546e-3
 1817.0 9.341687180686939e-3
 1818.0 9.331839735723426e-3
 1819.0 9.322009054865077e-3
 1820.0 9.312195099440779e-3
 1821.0 9.302397830891004e-3
 1822.0 9.292617210767259e-3
 1823.0 9.282853200731862e-3
 1824.0 9.273105762557418e-3
 1825.0 9.263374858126524e-3
 1826.0 9.25366044943136e-3
 1827.0 9.243962498573361e-3
 1828.0 9.234280967762768e-3
 1829.0 9.224615819318346e-3
 1830.0 9.2149670156669e-3
 1831.0 9.205334519342988e-3
 1832.0 9.195718292988564e-3
 1833.0 9.186118299352513e-3
 1834.0 9.17653450129045e-3
 1835.0 9.166966861764148e-3
 1836.0 9.157415343841336e-3
 1837.0 9.14787991069528e-3
 1838.0 9.138360525604471e-3
 1839.0 9.128857151952134e-3
 1840.0 9.11936975322603e-3
 1841.0 9.10989829301801e-3
 1842.0 9.100442735023697e-3
 1843.0 9.091003043042126e-3
 1844.0 9.081579180975347e-3
 1845.0 9.07217111282815e-3
 1846.0 9.06277880270765e-3
 1847.0 9.053402214823002e-3
 1848.0 9.044041313485005e-3
 1849.0 9.034696063105805e-3
 1850.0 9.02536642819849e-3
 1851.0 9.016052373376798e-3
 1852.0 9.00675386335473e-3
 1853.0 8.997470862946298e-3
 1854.0 8.988203337065065e-3
 1855.0 8.97895125072392e-3
 1856.0 8.969714569034695e-3
 1857.0 8.960493257207804e-3
 1858.0 8.951287280551955e-3
 1859.0 8.942096604473796e-3
 1860.0 8.932921194477606e-3
 1861.0 8.923761016164943e-3
 1862.0 8.91461603523434e-3
 1863.0 8.905486217480937e-3
 1864.0 8.896371528796184e-3
 1865.0 8.887271935167572e-3
 1866.0 8.878187402678157e-3
 1867.0 8.869117897506454e-3
 1868.0 8.860063385925905e-3
 1869.0 8.851023834304694e-3
 1870.0 8.841999209105417e-3
 1871.0 8.832989476884677e-3
 1872.0 8.823994604292906e-3
 1873.0 8.815014558073918e-3
 1874.0 8.806049305064699e-3
 1875.0 8.797098812195025e-3
 1876.0 8.788163046487198e-3
 1877.0 8.779241975055708e-3
 1878.0 8.77033556510694e-3
 1879.0 8.761443783938883e-3
 1880.0 8.752566598940768e-3
 1881.0 8.743703977592821e-3
 1882.0 8.734855887465963e-3
 1883.0 8.726022296221438e-3
 1884.0 8.717203171610606e-3
 1885.0 8.708398481474589e-3
 1886.0 8.699608193743975e-3
 1887.0 8.690832276438522e-3
 1888.0 8.68207069766686e-3
 1889.0 8.67332342562623e-3
 1890.0 8.664590428602122e-3
 1891.0 8.655871674968101e-3
 1892.0 8.647167133185356e-3
 1893.0 8.638476771802529e-3
 1894.0 8.629800559455383e-3
 1895.0 8.621138464866531e-3
 1896.0 8.612490456845137e-3
 1897.0 8.603856504286625e-3
 1898.0 8.595236576172387e-3
 1899.0 8.586630641569521e-3
 1900.0 8.578038669630575e-3
 1901.0 8.56946062959317e-3
 1902.0 8.560896490779828e-3
 1903.0 8.552346222597615e-3
 1904.0 8.543809794537909e-3
 1905.0 8.535287176176071e-3
 1906.0 8.52677833717126e-3
 1907.0 8.51828324726605e-3
 1908.0 8.50980187628624e-3
 1909.0 8.501334194140515e-3
 1910.0 8.492880170820253e-3
 1911.0 8.484439776399158e-3
 1912.0 8.476012981033055e-3
 1913.0 8.467599754959646e-3
 1914.0 8.459200068498098e-3
 1915.0 8.450813892049032e-3
 1916.0 8.442441196093957e-3
 1917.0 8.434081951195235e-3
 1918.0 8.425736127995699e-3
 1919.0 8.417403697218466e-3
 1920.0 8.409084629666577e-3
 1921.0 8.400778896222845e-3
 1922.0 8.392486467849514e-3
 1923.0 8.384207315588048e-3
 1924.0 8.375941410558807e-3
 1925.0 8.367688723960917e-3
 1926.0 8.35944922707188e-3
 1927.0 8.351222891247364e-3
 1928.0 8.343009687920991e-3
 1929.0 8.334809588604048e-3
 1930.0 8.326622564885214e-3
 1931.0 8.318448588430347e-3
 1932.0 8.310287630982183e-3
 1933.0 8.302139664360208e-3
 1934.0 8.294004660460227e-3
 1935.0 8.285882591254254e-3
 1936.0 8.277773428790275e-3
 1937.0 8.269677145191836e-3
 1938.0 8.261593712658041e-3
 1939.0 8.253523103463074e-3
 1940.0 8.24546528995614e-3
 1941.0 8.23742024456111e-3
 1942.0 8.229387939776315e-3
 1943.0 8.221368348174328e-3
 1944.0 8.213361442401654e-3
 1945.0 8.20536719517862e-3
 1946.0 8.197385579298987e-3
 1947.0 8.189416567629823e-3
 1948.0 8.181460133111199e-3
 1949.0 8.173516248756028e-3
 1950.0 8.165584887649723e-3
 1951.0 8.157666022950096e-3
 1952.0 8.149759627887014e-3
 1953.0 8.141865675762259e-3
 1954.0 8.133984139949181e-3
 1955.0 8.126114993892555e-3
 1956.0 8.118258211108405e-3
 1957.0 8.110413765183582e-3
 1958.0 8.102581629775767e-3
 1959.0 8.094761778613098e-3
 1960.0 8.08695418549398e-3
 1961.0 8.079158824286841e-3
 1962.0 8.071375668929993e-3
 1963.0 8.063604693431273e-3
 1964.0 8.055845871867978e-3
 1965.0 8.048099178386491e-3
 1966.0 8.040364587202158e-3
 1967.0 8.032642072599029e-3
 1968.0 8.02493160892968e-3
 1969.0 8.017233170614937e-3
 1970.0 8.009546732143708e-3
 1971.0 8.001872268072712e-3
 1972.0 7.994209753026352e-3
 1973.0 7.986559161696355e-3
 1974.0 7.978920468841763e-3
 1975.0 7.971293649288507e-3
 1976.0 7.963678677929376e-3
 1977.0 7.956075529723645e-3
 1978.0 7.94848417969697e-3
 1979.0 7.940904602941194e-3
 1980.0 7.933336774613997e-3
 1981.0 7.925780669938886e-3
 1982.0 7.918236264204794e-3
 1983.0 7.910703532766034e-3
 1984.0 7.903182451041938e-3
 1985.0 7.895672994516836e-3
 1986.0 7.888175138739666e-3
 1987.0 7.880688859323925e-3
 1988.0 7.873214131947325e-3
 1989.0 7.86575093235169e-3
 1990.0 7.858299236342712e-3
 1991.0 7.850859019789776e-3
 1992.0 7.843430258625756e-3
 1993.0 7.836012928846794e-3
 1994.0 7.828607006512079e-3
 1995.0 7.821212467743732e-3
 1996.0 7.8138292887265e-3
 1997.0 7.806457445707699e-3
 1998.0 7.7990969149968475e-3
 1999.0 7.791747672965611e-3
 2000.0 7.784409696047538e-3
