 1.0 0.1704628636766012
 2.0 0.16197016191296054
 3.0 0.15507444319944733
 4.0 0.14949434784107704
 5.0 0.14498654604896546
 6.0 0.14134733159891058
 7.0 0.13840940464144932
 8.0 0.13603687216882546
 9.0 0.1341200144056991
 10.0 0.13257050369578463
 11.0 0.131317310304968
 12.0 0.1303033145131772
 13.0 0.12948255504935588
 14.0 0.12881801646108376
 15.0 0.1282798584204867
 16.0 0.12784400122792602
 17.0 0.12749099588126656
 18.0 0.12720512059305147
 19.0 0.12697365732286817
 20.0 0.1267863115061167
 21.0 0.12663474586846954
 22.0 0.1265122053136493
 23.0 0.12641321466757244
 24.0 0.1263333348259563
 25.0 0.12626896580918556
 26.0 0.12621718755586434
 27.0 0.1261756311242944
 28.0 0.12614237442690557
 29.0 0.12611585777956927
 30.0 0.1260948154699438
 31.0 0.1260782202861924
 32.0 0.12606523853817586
 33.0 0.12605519357766082
 34.0 0.12604753620582096
 35.0 0.12604182066393846
 36.0 0.1260376851514539
 37.0 0.12603483601605361
 38.0 0.12603303492263798
 39.0 0.12603208843922994
 40.0 0.12603183958413236
 41.0 0.12603216096471268
 42.0 0.1260329492079599
 43.0 0.12603412043950876
 44.0 0.12603560661369848
 45.0 0.12603735253443465
 46.0 0.12603931343680738
 47.0 0.12604145302390982
 48.0 0.1260437418731777
 49.0 0.12604615614269912
 50.0 0.1260486765210366
 51.0 0.12605128737473062
 52.0 0.12605397605627827
 53.0 0.1260567323423852
 54.0 0.12605954797797045
 55.0 0.12606241630602052
 56.0 0.12606533196713382
 57.0 0.12606829065563743
 58.0 0.12607128892162808
 59.0 0.12607432401029214
 60.0 0.12607739373148652
 61.0 0.12608049635388519
 62.0 0.12608363051906468
 63.0 0.1260867951717761
 64.0 0.12608998950335581
 65.0 0.12609321290580003
 66.0 0.12609646493449694
 67.0 0.12609974527798523
 68.0 0.1261030537334157
 69.0 0.1261063901866429
 70.0 0.12610975459607401
 71.0 0.12611314697956785
 72.0 0.1261165674038097
 73.0 0.12612001597569525
 74.0 0.12612349283534596
 75.0 0.12612699815044745
 76.0 0.1261305321116635
 77.0 0.12613409492892141
 78.0 0.12613768682840584
 79.0 0.12614130805012677
 80.0 0.12614495884595484
 81.0 0.12614863947803456
 82.0 0.12615235021750523
 83.0 0.12615609134347197
 84.0 0.12615986314217867
 85.0 0.12616366590634615
 86.0 0.12616749993464374
 87.0 0.1261713655312697
 88.0 0.12617526300561965
 89.0 0.12617919267202687
 90.0 0.1261831548495614
 91.0 0.12618714986187574
 92.0 0.12619117803709
 93.0 0.1261952397077084
 94.0 0.1261993352105611
 95.0 0.1262034648867677
 96.0 0.12620762908171726
 97.0 0.1262118281450628
 98.0 0.12621606243072753
 99.0 0.12622033229692
 100.0 0.126224638106158
 101.0 0.12622898022529833
 102.0 0.12623335902557228
 103.0 0.12623777488262605
 104.0 0.12624222817656455
 105.0 0.12624671929199882
 106.0 0.12625124861809645
 107.0 0.126255816548634
 108.0 0.12626042348205244
 109.0 0.12626506982151364
 110.0 0.12626975597495946
 111.0 0.1262744823551718
 112.0 0.12627924937983448
 113.0 0.12628405747159674
 114.0 0.12628890705813742
 115.0 0.1262937985722311
 116.0 0.12629873245181528
 117.0 0.12630370914005817
 118.0 0.12630872908542873
 119.0 0.12631379274176693
 120.0 0.12631890056835568
 121.0 0.12632405302999367
 122.0 0.12632925059706948
 123.0 0.12633449374563702
 124.0 0.12633978295749138
 125.0 0.12634511872024703
 126.0 0.126350501527416
 127.0 0.12635593187848826
 128.0 0.12636141027901238
 129.0 0.12636693724067832
 130.0 0.12637251328140064
 131.0 0.12637813892540367
 132.0 0.1263838147033072
 133.0 0.1263895411522142
 134.0 0.12639531881579927
 135.0 0.12640114824439896
 136.0 0.12640702999510264
 137.0 0.12641296463184573
 138.0 0.12641895272550338
 139.0 0.12642499485398623
 140.0 0.12643109160233731
 141.0 0.1264372435628303
 142.0 0.12644345133506948
 143.0 0.12644971552609122
 144.0 0.12645603675046646
 145.0 0.12646241563040564
 146.0 0.12646885279586428
 147.0 0.1264753488846507
 148.0 0.12648190454253516
 149.0 0.1264885204233609
 150.0 0.12649519718915636
 151.0 0.12650193551024938
 152.0 0.1265087360653835
 153.0 0.1265155995418352
 154.0 0.12652252663553343
 155.0 0.12652951805118098
 156.0 0.12653657450237749
 157.0 0.12654369671174426
 158.0 0.12655088541105125
 159.0 0.12655814134134566
 160.0 0.12656546525308263
 161.0 0.12657285790625808
 162.0 0.12658032007054318
 163.0 0.12658785252542085
 164.0 0.12659545606032524
 165.0 0.12660313147478178
 166.0 0.12661087957855072
 167.0 0.1266187011917721
 168.0 0.12662659714511326
 169.0 0.12663456827991817
 170.0 0.12664261544835986
 171.0 0.12665073951359393
 172.0 0.1266589413499158
 173.0 0.12666722184291884
 174.0 0.12667558188965644
 175.0 0.12668402239880522
 176.0 0.1266925442908317
 177.0 0.12670114849816064
 178.0 0.1267098359653467
 179.0 0.12671860764924844
 180.0 0.12672746451920455
 181.0 0.12673640755721344
 182.0 0.12674543775811487
 183.0 0.1267545561297752
 184.0 0.12676376369327433
 185.0 0.1267730614830965
 186.0 0.12678245054732337
 187.0 0.12679193194783023
 188.0 0.12680150676048504
 189.0 0.12681117607535106
 190.0 0.12682094099689123
 191.0 0.12683080264417732
 192.0 0.1268407621511008
 193.0 0.12685082066658795
 194.0 0.12686097935481733
 195.0 0.1268712393954413
 196.0 0.12688160198380996
 197.0 0.12689206833119987
 198.0 0.12690263966504445
 199.0 0.12691331722916938
 200.0 0.12692410228403037
 201.0 0.12693499610695536
 202.0 0.12694599999238973
 203.0 0.12695711525214542
 204.0 0.12696834321565387
 205.0 0.12697968523022227
 206.0 0.12699114266129446
 207.0 0.12700271689271442
 208.0 0.12701440932699504
 209.0 0.12702622138558986
 210.0 0.12703815450916922
 211.0 0.12705021015790047
 212.0 0.127062389811732
 213.0 0.12707469497068205
 214.0 0.12708712715513085
 215.0 0.12709968790611775
 216.0 0.12711237878564247
 217.0 0.1271252013769702
 218.0 0.12713815728494202
 219.0 0.12715124813628909
 220.0 0.12716447557995145
 221.0 0.12717784128740145
 222.0 0.1271913469529721
 223.0 0.1272049942941893
 224.0 0.1272187850521095
 225.0 0.12723272099166189
 226.0 0.12724680390199505
 227.0 0.12726103559682886
 228.0 0.1272754179148113
 229.0 0.12728995271987947
 230.0 0.12730464190162671
 231.0 0.12731948737567375
 232.0 0.12733449108404515
 233.0 0.12734965499555154
 234.0 0.12736498110617553
 235.0 0.12738047143946432
 236.0 0.12739612804692657
 237.0 0.12741195300843444
 238.0 0.12742794843263164
 239.0 0.1274441164573461
 240.0 0.12746045925000776
 241.0 0.12747697900807273
 242.0 0.12749367795945152
 243.0 0.12751055836294345
 244.0 0.12752762250867625
 245.0 0.12754487271855108
 246.0 0.12756231134669255
 247.0 0.1275799407799049
 248.0 0.1275977634381328
 249.0 0.1276157817749281
 250.0 0.12763399827792177
 251.0 0.12765241546930095
 252.0 0.12767103590629197
 253.0 0.12768986218164816
 254.0 0.127708896924143
 255.0 0.1277281427990693
 256.0 0.12774760250874206
 257.0 0.12776727879300837
 258.0 0.127787174429761
 259.0 0.12780729223545764
 260.0 0.1278276350656455
 261.0 0.12784820581548959
 262.0 0.1278690074203076
 263.0 0.12789004285610778
 264.0 0.127911315140133
 265.0 0.1279328273314078
 266.0 0.12795458253129133
 267.0 0.1279765838840334
 268.0 0.12799883457733535
 269.0 0.1280213378429143
 270.0 0.12804409695707197
 271.0 0.12806711524126624
 272.0 0.12809039606268666
 273.0 0.12811394283483288
 274.0 0.1281377590180963
 275.0 0.12816184812034417
 276.0 0.12818621369750602
 277.0 0.12821085935416277
 278.0 0.12823578874413713
 279.0 0.12826100557108597
 280.0 0.12828651358909343
 281.0 0.1283123166032654
 282.0 0.12833841847032387
 283.0 0.12836482309920189
 284.0 0.12839153445163773
 285.0 0.12841855654276826
 286.0 0.128445893441721
 287.0 0.12847354927220442
 288.0 0.12850152821309568
 289.0 0.12852983449902547
 290.0 0.12855847242095889
 291.0 0.12858744632677294
 292.0 0.12861676062182786
 293.0 0.1286464197695342
 294.0 0.12867642829191223
 295.0 0.12870679077014485
 296.0 0.12873751184512217
 297.0 0.12876859621797776
 298.0 0.12880004865061392
 299.0 0.12883187396621712
 300.0 0.1288640770497611
 301.0 0.12889666284849724
 302.0 0.1289296363724306
 303.0 0.12896300269478092
 304.0 0.12899676695242676
 305.0 0.12903093434633237
 306.0 0.12906551014195483
 307.0 0.1291004996696307
 308.0 0.12913590832494032
 309.0 0.12917174156904898
 310.0 0.12920800492902165
 311.0 0.12924470399811155
 312.0 0.1292818444360192
 313.0 0.12931943196912057
 314.0 0.12935747239066267
 315.0 0.1293959715609238
 316.0 0.1294349354073373
 317.0 0.12947436992457503
 318.0 0.12951428117458996
 319.0 0.1295546752866139
 320.0 0.12959555845710874
 321.0 0.12963693694966805
 322.0 0.1296788170948664
 323.0 0.1297212052900534
 324.0 0.12976410799908936
 325.0 0.12980753175201967
 326.0 0.12985148314468406
 327.0 0.1298959688382579
 328.0 0.12994099555872146
 329.0 0.1299865700962536
 330.0 0.13003269930454608
 331.0 0.13007939010003447
 332.0 0.1301266494610408
 333.0 0.13017448442682528
 334.0 0.1302229020965398
 335.0 0.13027190962808188
 336.0 0.1303215142368411
 337.0 0.1303717231943355
 338.0 0.13042254382673021
 339.0 0.13047398351323566
 340.0 0.13052604968437717
 341.0 0.13057874982013204
 342.0 0.13063209144792687
 343.0 0.13068608214048957
 344.0 0.13074072951354948
 345.0 0.13079604122337915
 346.0 0.13085202496416984
 347.0 0.13090868846523598
 348.0 0.1309660394880387
 349.0 0.13102408582302272
 350.0 0.13108283528625803
 351.0 0.13114229571587915
 352.0 0.13120247496831278
 353.0 0.13126338091428652
 354.0 0.1313250214346091
 355.0 0.13138740441571448
 356.0 0.13145053774495896
 357.0 0.13151442930566465
 358.0 0.13157908697189685
 359.0 0.13164451860296808
 360.0 0.1317107320376578
 361.0 0.13177773508813778
 362.0 0.1318455355335931
 363.0 0.13191414111352828
 364.0 0.13198355952074803
 365.0 0.1320537983940019
 366.0 0.13212486531028134
 367.0 0.13219676777676
 368.0 0.13226951322236344
 369.0 0.13234310898895948
 370.0 0.1324175623221571
 371.0 0.13249288036170198
 372.0 0.13256907013145858
 373.0 0.13264613852896717
 374.0 0.13272409231456336
 375.0 0.1328029381000515
 376.0 0.13288268233691833
 377.0 0.13296333130407836
 378.0 0.13304489109513823
 379.0 0.133127367605172
 380.0 0.13321076651699523
 381.0 0.13329509328692923
 382.0 0.1333803531300467
 383.0 0.13346655100488852
 384.0 0.1335536915976448
 385.0 0.1336417793057921
 386.0 0.13373081822117944
 387.0 0.13382081211255795
 388.0 0.1339117644075476
 389.0 0.134003678174038
 390.0 0.1340965561010185
 391.0 0.13419040047883643
 392.0 0.13428521317888206
 393.0 0.13438099563270042
 394.0 0.13447774881053187
 395.0 0.13457547319928492
 396.0 0.1346741687799458
 397.0 0.1347738350044316
 398.0 0.1348744707718958
 399.0 0.13497607440449666
 400.0 0.13507864362264121
 401.0 0.1351821755197199
 402.0 0.13528666653634971
 403.0 0.135392112434145
 404.0 0.13549850826903984
 405.0 0.13560584836418674
 406.0 0.1357141262824606
 407.0 0.13582333479859895
 408.0 0.13593346587101462
 409.0 0.13604451061331777
 410.0 0.13615645926558978
 411.0 0.1362693011654545
 412.0 0.13638302471899535
 413.0 0.13649761737157232
 414.0 0.13661306557859476
 415.0 0.13672935477631182
 416.0 0.13684646935268532
 417.0 0.1369643926184147
 418.0 0.13708310677818747
 419.0 0.13720259290223374
 420.0 0.13732283089826577
 421.0 0.13744379948389177
 422.0 0.1375654761595916
 423.0 0.1376878371823531
 424.0 0.13781085754006542
 425.0 0.1379345109267759
 426.0 0.13805876971891573
 427.0 0.1381836049526074
 428.0 0.13830898630216892
 429.0 0.13843488205993296
 430.0 0.13856125911750344
 431.0 0.13868808294857393
 432.0 0.1388153175934361
 433.0 0.13894292564530714
 434.0 0.13907086823860776
 435.0 0.13919910503932484
 436.0 0.13932759423759153
 437.0 0.13945629254261951
 438.0 0.13958515518011783
 439.0 0.1397141358923314
 440.0 0.13984318694083145
 441.0 0.1399722591121879
 442.0 0.14010130172665086
 443.0 0.1402302626499635
 444.0 0.14035908830842822
 445.0 0.14048772370733723
 446.0 0.1406161124528775
 447.0 0.14074419677761033
 448.0 0.14087191756961892
 449.0 0.14099921440540902
 450.0 0.14112602558663742
 451.0 0.14125228818073257
 452.0 0.14137793806546187
 453.0 0.1415029099774845
 454.0 0.14162713756491951
 455.0 0.14175055344394213
 456.0 0.14187308925940706
 457.0 0.14199467574948257
 458.0 0.14211524281426266
 459.0 0.1422347195883068
 460.0 0.14235303451704034
 461.0 0.14247011543693047
 462.0 0.14258588965933244
 463.0 0.14270028405788493
 464.0 0.1428132251593112
 465.0 0.14292463923746626
 466.0 0.1430344524104485
 467.0 0.14314259074057661
 468.0 0.14324898033701486
 469.0 0.14335354746080747
 470.0 0.1434562186320695
 471.0 0.14355692073906015
 472.0 0.14365558114885144
 473.0 0.1437521278192865
 474.0 0.14384648941190847
 475.0 0.14393859540552864
 476.0 0.1440283762100883
 477.0 0.14411576328045916
 478.0 0.14420068922981993
 479.0 0.1442830879422352
 480.0 0.14436289468406235
 481.0 0.14444004621380507
 482.0 0.14451448089003172
 483.0 0.1445861387769781
 484.0 0.14465496174745518
 485.0 0.14472089358268922
 486.0 0.14478388006872736
 487.0 0.14484386908905061
 488.0 0.14490081071304997
 489.0 0.14495465728003223
 490.0 0.14500536347843915
 491.0 0.14505288641998132
 492.0 0.1450971857084078
 493.0 0.14513822350265332
 494.0 0.14517596457412887
 495.0 0.14521037635794595
 496.0 0.14524142899789086
 497.0 0.1452690953849932
 498.0 0.1452933511895607
 499.0 0.1453141748865808
 500.0 0.1453315477744234
 501.0 0.1453454539868028
 502.0 0.1453558804979945
 503.0 0.14536281712132748
 504.0 0.14536625650100596
 505.0 0.1453661940973435
 506.0 0.14536262816552104
 507.0 0.1453555597280092
 508.0 0.14534499254082256
 509.0 0.14533093305379677
 510.0 0.1453133903651098
 511.0 0.14529237617028254
 512.0 0.14526790470592427
 513.0 0.1452399926884987
 514.0 0.14520865924841095
 515.0 0.1451739258597259
 516.0 0.14513581626584057
 517.0 0.14509435640145013
 518.0 0.14504957431114643
 519.0 0.14500150006500023
 520.0 0.1449501656714819
 521.0 0.1448956049880717
 522.0 0.14483785362991827
 523.0 0.14477694887689382
 524.0 0.14471292957939572
 525.0 0.14464583606323386
 526.0 0.14457571003393768
 527.0 0.14450259448080607
 528.0 0.14442653358101162
 529.0 0.14434757260405937
 530.0 0.1442657578168859
 531.0 0.14418113638986982
 532.0 0.1440937563040093
 533.0 0.14400366625950695
 534.0 0.14391091558598312
 535.0 0.14381555415452515
 536.0 0.1437176322917586
 537.0 0.14361720069611256
 538.0 0.1435143103564314
 539.0 0.14340901247306803
 540.0 0.14330135838157848
 541.0 0.14319139947911802
 542.0 0.14307918715362622
 543.0 0.14296477271586827
 544.0 0.14284820733439002
 545.0 0.14272954197342472
 546.0 0.1426088273337798
 547.0 0.14248611379671633
 548.0 0.14236145137082415
 549.0 0.1422348896418823
 550.0 0.14210647772568633
 551.0 0.1419762642238114
 552.0 0.14184429718227648
 553.0 0.14171062405306162
 554.0 0.14157529165842817
 555.0 0.14143834615798287
 556.0 0.14129983301842164
 557.0 0.14115979698588732
 558.0 0.14101828206086892
 559.0 0.14087533147556583
 560.0 0.14073098767364375
 561.0 0.1405852922923001
 562.0 0.14043828614656137
 563.0 0.1402900092157299
 564.0 0.14014050063190045
 565.0 0.13998979867046485
 566.0 0.1398379407425255
 567.0 0.13968496338913675
 568.0 0.13953090227729742
 569.0 0.13937579219761698
 570.0 0.1392196670635794
 571.0 0.13906255991233257
 572.0 0.13890450290693035
 573.0 0.13874552733995757
 574.0 0.1385856636384707
 575.0 0.13842494137018782
 576.0 0.13826338925086476
 577.0 0.13810103515279393
 578.0 0.13793790611436837
 579.0 0.13777402835065042
 580.0 0.13760942726488998
 581.0 0.13744412746093732
 582.0 0.1372781527564967
 583.0 0.13711152619717049
 584.0 0.13694427007124
 585.0 0.13677640592513807
 586.0 0.13660795457956001
 587.0 0.1364389361461699
 588.0 0.13626937004485198
 589.0 0.13609927502146293
 590.0 0.13592866916603788
 591.0 0.1357575699314064
 592.0 0.13558599415217157
 593.0 0.13541395806401038
 594.0 0.13524147732324532
 595.0 0.13506856702665107
 596.0 0.13489524173144216
 597.0 0.13472151547540592
 598.0 0.13454740179712968
 599.0 0.1343729137562834
 600.0 0.1341980639539092
 601.0 0.13402286455267684
 602.0 0.1338473272970595
 603.0 0.13367146353338769
 604.0 0.1334952842297375
 605.0 0.13331879999561086
 606.0 0.1331420211013654
 607.0 0.13296495749735376
 608.0 0.13278761883273146
 609.0 0.13261001447389303
 610.0 0.13243215352250057
 611.0 0.1322540448330671
 612.0 0.13207569703005823
 613.0 0.13189711852448122
 614.0 0.1317183175299281
 615.0 0.13153930207804457
 616.0 0.13136008003339572
 617.0 0.1311806591077049
 618.0 0.1310010468734446
 619.0 0.1308212507767543
 620.0 0.1306412781496752
 621.0 0.13046113622168057
 622.0 0.13028083213049535
 623.0 0.13010037293219265
 624.0 0.12991976561056456
 625.0 0.12973901708576202
 626.0 0.1295581342222051
 627.0 0.1293771238357688
 628.0 0.129195992700247
 629.0 0.12901474755310713
 630.0 0.12883339510054612
 631.0 0.12865194202186292
 632.0 0.12847039497316354
 633.0 0.1282887605904212
 634.0 0.1281070454919116
 635.0 0.12792525628004786
 636.0 0.12774339954264255
 637.0 0.12756148185362504
 638.0 0.12737950977324192
 639.0 0.12719748984777432
 640.0 0.12701542860880252
 641.0 0.12683333257205215
 642.0 0.12665120823585568
 643.0 0.1264690620792631
 644.0 0.1262869005598388
 645.0 0.1261047301111762
 646.0 0.12592255714016728
 647.0 0.12574038802406098
 648.0 0.12555822910734404
 649.0 0.1253760866984769
 650.0 0.12519396706651786
 651.0 0.12501187643766493
 652.0 0.12482982099174891
 653.0 0.12464780685870033
 654.0 0.12446584011502329
 655.0 0.12428392678029862
 656.0 0.12410207281373895
 657.0 0.12392028411082155
 658.0 0.12373856650001655
 659.0 0.12355692573962794
 660.0 0.12337536751476803
 661.0 0.12319389743447626
 662.0 0.12301252102899651
 663.0 0.12283124374722455
 664.0 0.12265007095433518
 665.0 0.12246900792959386
 666.0 0.12228805986436272
 667.0 0.12210723186030266
 668.0 0.12192652892777284
 669.0 0.12174595598443377
 670.0 0.12156551785404691
 671.0 0.12138521926547607
 672.0 0.12120506485188297
 673.0 0.12102505915011509
 674.0 0.12084520660028199
 675.0 0.12066551154551206
 676.0 0.12048597823188621
 677.0 0.12030661080853819
 678.0 0.12012741332791735
 679.0 0.11994838974620192
 680.0 0.11976954392385825
 681.0 0.11959087962633316
 682.0 0.11941240052487449
 683.0 0.1192341101974666
 684.0 0.11905601212987588
 685.0 0.11887810971679144
 686.0 0.11870040626305885
 687.0 0.11852290498499227
 688.0 0.11834560901175772
 689.0 0.11816852138682175
 690.0 0.117991645069452
 691.0 0.11781498293626687
 692.0 0.11763853778282385
 693.0 0.11746231232523748
 694.0 0.11728630920182696
 695.0 0.11711053097477823
 696.0 0.11693498013181962
 697.0 0.11675965908790585
 698.0 0.11658457018690173
 699.0 0.1164097157032626
 700.0 0.11623509784370917
 701.0 0.1160607187488873
 702.0 0.11588658049501566
 703.0 0.11571268509551168
 704.0 0.11553903450259824
 705.0 0.1153656306088848
 706.0 0.11519247524892232
 707.0 0.11501957020072943
 708.0 0.11484691718728998
 709.0 0.11467451787801727
 710.0 0.11450237389018628
 711.0 0.11433048679033395
 712.0 0.11415885809562328
 713.0 0.1139874892751741
 714.0 0.11381638175135855
 715.0 0.11364553690106238
 716.0 0.11347495605691028
 717.0 0.11330464050845737
 718.0 0.11313459150334504
 719.0 0.11296481024842546
 720.0 0.11279529791084862
 721.0 0.11262605561912
 722.0 0.11245708446412321
 723.0 0.11228838550011326
 724.0 0.11211995974567619
 725.0 0.11195180818466141
 726.0 0.11178393176708219
 727.0 0.11161633140998911
 728.0 0.11144900799831474
 729.0 0.1112819623856923
 730.0 0.11111519539524746
 731.0 0.11094870782036517
 732.0 0.11078250042543304
 733.0 0.11061657394655842
 734.0 0.11045092909226599
 735.0 0.11028556654417132
 736.0 0.11012048695763406
 737.0 0.10995569096238998
 738.0 0.1097911791631644
 739.0 0.10962695214026516
 740.0 0.1094630104501599
 741.0 0.10929935462603178
 742.0 0.1091359851783221
 743.0 0.1089729025952556
 744.0 0.10881010734334857
 745.0 0.10864759986790394
 746.0 0.10848538059348989
 747.0 0.10832344992440626
 748.0 0.10816180824513745
 749.0 0.10800045592079084
 750.0 0.10783939329752419
 751.0 0.10767862070296126
 752.0 0.10751813844659387
 753.0 0.10735794682017648
 754.0 0.10719804609810646
 755.0 0.10703843653779649
 756.0 0.10687911838003576
 757.0 0.10672009184934202
 758.0 0.10656135715430522
 759.0 0.10640291448792166
 760.0 0.1062447640279189
 761.0 0.10608690593707318
 762.0 0.10592934036351942
 763.0 0.10577206744105253
 764.0 0.10561508728942268
 765.0 0.10545840001462035
 766.0 0.10530200570915965
 767.0 0.10514590445234936
 768.0 0.1049900963105612
 769.0 0.10483458133749159
 770.0 0.10467935957441467
 771.0 0.10452443105043287
 772.0 0.10436979578272033
 773.0 0.10421545377676014
 774.0 0.10406140502657671
 775.0 0.10390764951496546
 776.0 0.10375418721371263
 777.0 0.10360101808381458
 778.0 0.10344814207569059
 779.0 0.10329555912939173
 780.0 0.10314326917480386
 781.0 0.10299127213184861
 782.0 0.10283956791067746
 783.0 0.10268815641186639
 784.0 0.10253703752659989
 785.0 0.10238621113685716
 786.0 0.102235677115592
 787.0 0.10208543532690834
 788.0 0.10193548562623446
 789.0 0.10178582786049158
 790.0 0.1016364618682606
 791.0 0.10148738747994542
 792.0 0.10133860451793204
 793.0 0.1011901127967456
 794.0 0.10104191212320486
 795.0 0.10089400229657126
 796.0 0.10074638310869866
 797.0 0.10059905434417754
 798.0 0.10045201578047723
 799.0 0.1003052671880868
 800.0 0.10015880833065105
 801.0 0.10001263896510486
 802.0 9.98667588418069e-2
 803.0 9.972116770466803e-2
 804.0 9.957586529127847e-2
 805.0 9.943085133303427e-2
 806.0 9.928612555525837e-2
 807.0 9.914168767732162e-2
 808.0 9.899753741276243e-2
 809.0 9.885367446940076e-2
 810.0 9.871009854945387e-2
 811.0 9.856680934964848e-2
 812.0 9.842380656132999e-2
 813.0 9.828108987057071e-2
 814.0 9.813865895827761e-2
 815.0 9.799651350029495e-2
 816.0 9.785465316750787e-2
 817.0 9.77130776259426e-2
 818.0 9.757178653686638e-2
 819.0 9.743077955688374e-2
 820.0 9.729005633803324e-2
 821.0 9.714961652787993e-2
 822.0 9.700945976960923e-2
 823.0 9.686958570211748e-2
 824.0 9.672999396009935e-2
 825.0 9.659068417413899e-2
 826.0 9.645165597079225e-2
 827.0 9.631290897267442e-2
 828.0 9.617444279854254e-2
 829.0 9.603625706337643e-2
 830.0 9.589835137846071e-2
 831.0 9.576072535146261e-2
 832.0 9.562337858651049e-2
 833.0 9.548631068427013e-2
 834.0 9.534952124202041e-2
 835.0 9.521300985372577e-2
 836.0 9.507677611011109e-2
 837.0 9.494081959873055e-2
 838.0 9.480513990404092e-2
 839.0 9.466973660746843e-2
 840.0 9.45346092874773e-2
 841.0 9.439975751963671e-2
 842.0 9.426518087668738e-2
 843.0 9.413087892860467e-2
 844.0 9.399685124266247e-2
 845.0 9.386309738349725e-2
 846.0 9.372961691316814e-2
 847.0 9.359640939121709e-2
 848.0 9.346347437472984e-2
 849.0 9.333081141839279e-2
 850.0 9.319842007455219e-2
 851.0 9.306629989326917e-2
 852.0 9.293445042237669e-2
 853.0 9.280287120753379e-2
 854.0 9.267156179227887e-2
 855.0 9.25405217180839e-2
 856.0 9.240975052440596e-2
 857.0 9.227924774873804e-2
 858.0 9.214901292665986e-2
 859.0 9.201904559188859e-2
 860.0 9.188934527632535e-2
 861.0 9.175991151010525e-2
 862.0 9.16307438216442e-2
 863.0 9.150184173768468e-2
 864.0 9.137320478334168e-2
 865.0 9.124483248214846e-2
 866.0 9.111672435610005e-2
 867.0 9.098887992569742e-2
 868.0 9.086129870998878e-2
 869.0 9.073398022661457e-2
 870.0 9.060692399184589e-2
 871.0 9.04801295206271e-2
 872.0 9.035359632661553e-2
 873.0 9.022732392222095e-2
 874.0 9.010131181864439e-2
 875.0 8.997555952591668e-2
 876.0 8.985006655293502e-2
 877.0 8.972483240750205e-2
 878.0 8.959985659636006e-2
 879.0 8.947513862522741e-2
 880.0 8.935067799883542e-2
 881.0 8.92264742209607e-2
 882.0 8.910252679446062e-2
 883.0 8.897883522130698e-2
 884.0 8.885539900261794e-2
 885.0 8.87322176386921e-2
 886.0 8.860929062903879e-2
 887.0 8.848661747241107e-2
 888.0 8.836419766683606e-2
 889.0 8.824203070964523e-2
 890.0 8.812011609750396e-2
 891.0 8.799845332644235e-2
 892.0 8.78770418918832e-2
 893.0 8.775588128867146e-2
 894.0 8.763497101110024e-2
 895.0 8.751431055294145e-2
 896.0 8.739389940747055e-2
 897.0 8.727373706749501e-2
 898.0 8.715382302537927e-2
 899.0 8.703415677307125e-2
 900.0 8.69147378021281e-2
 901.0 8.679556560374108e-2
 902.0 8.667663966875974e-2
 903.0 8.655795948771654e-2
 904.0 8.643952455085148e-2
 905.0 8.632133434813456e-2
 906.0 8.620338836928862e-2
 907.0 8.608568610381329e-2
 908.0 8.596822704100723e-2
 909.0 8.585101066998828e-2
 910.0 8.573403647971767e-2
 911.0 8.561730395901944e-2
 912.0 8.550081259660279e-2
 913.0 8.538456188108128e-2
 914.0 8.526855130099348e-2
 915.0 8.515278034482443e-2
 916.0 8.503724850102329e-2
 917.0 8.492195525802293e-2
 918.0 8.480690010426044e-2
 919.0 8.469208252819378e-2
 920.0 8.457750201832155e-2
 921.0 8.446315806320036e-2
 922.0 8.434905015146314e-2
 923.0 8.423517777183566e-2
 924.0 8.412154041315516e-2
 925.0 8.400813756438555e-2
 926.0 8.389496871463521e-2
 927.0 8.378203335317316e-2
 928.0 8.366933096944495e-2
 929.0 8.355686105308797e-2
 930.0 8.344462309394851e-2
 931.0 8.333261658209444e-2
 932.0 8.322084100783356e-2
 933.0 8.310929586172547e-2
 934.0 8.299798063459773e-2
 935.0 8.288689481755925e-2
 936.0 8.27760379020151e-2
 937.0 8.266540937967964e-2
 938.0 8.255500874259084e-2
 939.0 8.244483548312256e-2
 940.0 8.233488909399822e-2
 941.0 8.222516906830485e-2
 942.0 8.211567489950324e-2
 943.0 8.20064060814424e-2
 944.0 8.189736210837074e-2
 945.0 8.178854247494988e-2
 946.0 8.167994667626294e-2
 947.0 8.157157420782997e-2
 948.0 8.146342456561739e-2
 949.0 8.1355497246049e-2
 950.0 8.12477917460177e-2
 951.0 8.114030756289654e-2
 952.0 8.103304419454865e-2
 953.0 8.09260011393376e-2
 954.0 8.081917789613902e-2
 955.0 8.07125739643481e-2
 956.0 8.060618884389291e-2
 957.0 8.050002203524072e-2
 958.0 8.039407303941071e-2
 959.0 8.028834135798009e-2
 960.0 8.018282649309566e-2
 961.0 8.007752794748309e-2
 962.0 7.997244522445328e-2
 963.0 7.986757782791351e-2
 964.0 7.976292526237559e-2
 965.0 7.965848703296267e-2
 966.0 7.955426264541965e-2
 967.0 7.945025160611996e-2
 968.0 7.934645342207389e-2
 969.0 7.92428676009358e-2
 970.0 7.913949365101267e-2
 971.0 7.903633108127146e-2
 972.0 7.893337940134572e-2
 973.0 7.883063812154362e-2
 974.0 7.872810675285423e-2
 975.0 7.862578480695563e-2
 976.0 7.852367179622069e-2
 977.0 7.842176723372433e-2
 978.0 7.83200706332491e-2
 979.0 7.82185815092933e-2
 980.0 7.811729937707584e-2
 981.0 7.80162237525431e-2
 982.0 7.791535415237405e-2
 983.0 7.781469009398825e-2
 984.0 7.771423109554926e-2
 985.0 7.761397667597139e-2
 986.0 7.751392635492609e-2
 987.0 7.741407965284527e-2
 988.0 7.731443609092907e-2
 989.0 7.721499519114984e-2
 990.0 7.711575647625668e-2
 991.0 7.701671946978213e-2
 992.0 7.691788369604545e-2
 993.0 7.681924868015852e-2
 994.0 7.672081394802928e-2
 995.0 7.662257902636883e-2
 996.0 7.65245434426925e-2
 997.0 7.642670672532707e-2
 998.0 7.632906840341445e-2
 999.0 7.623162800691366e-2
 1000.0 7.613438506660862e-2
 1001.0 7.603733911411009e-2
 1002.0 7.594048968185811e-2
 1003.0 7.58438363031298e-2
 1004.0 7.574737851203965e-2
 1005.0 7.565111584354393e-2
 1006.0 7.555504783344637e-2
 1007.0 7.545917401839793e-2
 1008.0 7.53634939359037e-2
 1009.0 7.526800712432433e-2
 1010.0 7.517271312287982e-2
 1011.0 7.507761147165203e-2
 1012.0 7.498270171158913e-2
 1013.0 7.48879833845069e-2
 1014.0 7.479345603309305e-2
 1015.0 7.469911920090933e-2
 1016.0 7.460497243239446e-2
 1017.0 7.451101527286724e-2
 1018.0 7.441724726852754e-2
 1019.0 7.43236679664617e-2
 1020.0 7.423027691464174e-2
 1021.0 7.413707366193154e-2
 1022.0 7.404405775808406e-2
 1023.0 7.395122875374924e-2
 1024.0 7.385858620047234e-2
 1025.0 7.37661296506974e-2
 1026.0 7.367385865776918e-2
 1027.0 7.358177277593489e-2
 1028.0 7.348987156034754e-2
 1029.0 7.339815456706503e-2
 1030.0 7.330662135305474e-2
 1031.0 7.321527147619382e-2
 1032.0 7.312410449527147e-2
 1033.0 7.303311996998985e-2
 1034.0 7.294231746096685e-2
 1035.0 7.285169652973586e-2
 1036.0 7.276125673874909e-2
 1037.0 7.267099765137842e-2
 1038.0 7.258091883191603e-2
 1039.0 7.249101984557577e-2
 1040.0 7.240130025849496e-2
 1041.0 7.231175963773706e-2
 1042.0 7.222239755128877e-2
 1043.0 7.213321356806478e-2
 1044.0 7.204420725790789e-2
 1045.0 7.195537819158898e-2
 1046.0 7.186672594080883e-2
 1047.0 7.17782500781992e-2
 1048.0 7.168995017732314e-2
 1049.0 7.160182581267532e-2
 1050.0 7.15138765596849e-2
 1051.0 7.142610199471347e-2
 1052.0 7.133850169505741e-2
 1053.0 7.125107523894882e-2
 1054.0 7.116382220555391e-2
 1055.0 7.107674217497696e-2
 1056.0 7.098983472825705e-2
 1057.0 7.090309944737157e-2
 1058.0 7.081653591523515e-2
 1059.0 7.073014371570023e-2
 1060.0 7.064392243355702e-2
 1061.0 7.055787165453474e-2
 1062.0 7.047199096530196e-2
 1063.0 7.03862799534648e-2
 1064.0 7.030073820756988e-2
 1065.0 7.021536531710208e-2
 1066.0 7.013016087248607e-2
 1067.0 7.004512446508664e-2
 1068.0 6.996025568720672e-2
 1069.0 6.987555413209026e-2
 1070.0 6.979101939391992e-2
 1071.0 6.970665106781744e-2
 1072.0 6.9622448749845e-2
 1073.0 6.953841203700242e-2
 1074.0 6.945454052722977e-2
 1075.0 6.937083381940598e-2
 1076.0 6.928729151334753e-2
 1077.0 6.920391320981036e-2
 1078.0 6.912069851048785e-2
 1079.0 6.903764701801082e-2
 1080.0 6.895475833594879e-2
 1081.0 6.887203206880671e-2
 1082.0 6.878946782202754e-2
 1083.0 6.870706520198908e-2
 1084.0 6.86248238160065e-2
 1085.0 6.854274327232841e-2
 1086.0 6.846082318013962e-2
 1087.0 6.837906314955787e-2
 1088.0 6.829746279163615e-2
 1089.0 6.821602171835893e-2
 1090.0 6.813473954264411e-2
 1091.0 6.805361587834063e-2
 1092.0 6.797265034022963e-2
 1093.0 6.789184254402152e-2
 1094.0 6.781119210635746e-2
 1095.0 6.77306986448064e-2
 1096.0 6.765036177786693e-2
 1097.0 6.757018112496463e-2
 1098.0 6.749015630645086e-2
 1099.0 6.741028694360442e-2
 1100.0 6.733057265862809e-2
 1101.0 6.725101307464876e-2
 1102.0 6.717160781571688e-2
 1103.0 6.709235650680569e-2
 1104.0 6.701325877380915e-2
 1105.0 6.693431424354193e-2
 1106.0 6.685552254373857e-2
 1107.0 6.677688330305241e-2
 1108.0 6.669839615105294e-2
 1109.0 6.662006071822789e-2
 1110.0 6.654187663597977e-2
 1111.0 6.646384353662498e-2
 1112.0 6.638596105339514e-2
 1113.0 6.630822882043169e-2
 1114.0 6.623064647278952e-2
 1115.0 6.615321364643219e-2
 1116.0 6.607592997823275e-2
 1117.0 6.599879510597229e-2
 1118.0 6.592180866833774e-2
 1119.0 6.58449703049224e-2
 1120.0 6.576827965622307e-2
 1121.0 6.569173636364074e-2
 1122.0 6.561534006947643e-2
 1123.0 6.553909041693362e-2
 1124.0 6.546298705011304e-2
 1125.0 6.538702961401638e-2
 1126.0 6.531121775453883e-2
 1127.0 6.523555111847329e-2
 1128.0 6.516002935350644e-2
 1129.0 6.508465210821726e-2
 1130.0 6.500941903207644e-2
 1131.0 6.493432977544547e-2
 1132.0 6.485938398957308e-2
 1133.0 6.478458132659774e-2
 1134.0 6.470992143954195e-2
 1135.0 6.463540398231361e-2
 1136.0 6.45610286097046e-2
 1137.0 6.448679497738771e-2
 1138.0 6.441270274191649e-2
 1139.0 6.433875156072316e-2
 1140.0 6.42649410921183e-2
 1141.0 6.419127099528762e-2
 1142.0 6.411774093029254e-2
 1143.0 6.404435055806633e-2
 1144.0 6.397109954041506e-2
 1145.0 6.389798754001452e-2
 1146.0 6.382501422040897e-2
 1147.0 6.375217924601018e-2
 1148.0 6.367948228209565e-2
 1149.0 6.360692299480589e-2
 1150.0 6.353450105114639e-2
 1151.0 6.346221611898073e-2
 1152.0 6.339006786703381e-2
 1153.0 6.33180559648879e-2
 1154.0 6.32461800829822e-2
 1155.0 6.31744398926098e-2
 1156.0 6.310283506591716e-2
 1157.0 6.30313652759029e-2
 1158.0 6.29600301964152e-2
 1159.0 6.288882950215e-2
 1160.0 6.28177628686515e-2
 1161.0 6.274682997230766e-2
 1162.0 6.267603049035089e-2
 1163.0 6.260536410085503e-2
 1164.0 6.253483048273402e-2
 1165.0 6.246442931574092e-2
 1166.0 6.239416028046559e-2
 1167.0 6.2324023058332755e-2
 1168.0 6.225401733160156e-2
 1169.0 6.2184142783362324e-2
 1170.0 6.211439909753629e-2
 1171.0 6.204478595887361e-2
 1172.0 6.1975303052949675e-2
 1173.0 6.190595006616764e-2
 1174.0 6.183672668575241e-2
 1175.0 6.1767632599751626e-2
 1176.0 6.169866749703268e-2
 1177.0 6.162983106728155e-2
 1178.0 6.15611230010015e-2
 1179.0 6.1492542989509826e-2
 1180.0 6.1424090724938055e-2
 1181.0 6.135576590022901e-2
 1182.0 6.128756820913586e-2
 1183.0 6.121949734621892e-2
 1184.0 6.115155300684676e-2
 1185.0 6.108373488718992e-2
 1186.0 6.101604268422482e-2
 1187.0 6.094847609572732e-2
 1188.0 6.0881034820273516e-2
 1189.0 6.081371855723688e-2
 1190.0 6.07465270067873e-2
 1191.0 6.067945986988848e-2
 1192.0 6.061251684829683e-2
 1193.0 6.05456976445592e-2
 1194.0 6.0479001962012786e-2
 1195.0 6.0412429504780076e-2
 1196.0 6.0345979977770255e-2
 1197.0 6.027965308667544e-2
 1198.0 6.0213448537970705e-2
 1199.0 6.0147366038910285e-2
 1200.0 6.008140529752769e-2
 1201.0 6.0015566022632305e-2
 1202.0 5.994984792380856e-2
 1203.0 5.9884250711414136e-2
 1204.0 5.981877409657812e-2
 1205.0 5.9753417791198665e-2
 1206.0 5.968818150794202e-2
 1207.0 5.9623064960240654e-2
 1208.0 5.955806786229024e-2
 1209.0 5.949318992905002e-2
 1210.0 5.942843087623873e-2
 1211.0 5.936379042033547e-2
 1212.0 5.9299268278574235e-2
 1213.0 5.923486416894641e-2
 1214.0 5.9170577810195225e-2
 1215.0 5.910640892181654e-2
 1216.0 5.904235722405598e-2
 1217.0 5.8978422437906984e-2
 1218.0 5.8914604285109334e-2
 1219.0 5.885090248814769e-2
 1220.0 5.878731677024877e-2
 1221.0 5.872384685538139e-2
 1222.0 5.8660492468251765e-2
 1223.0 5.8597253334306224e-2
 1224.0 5.853412917972285e-2
 1225.0 5.847111973141718e-2
 1226.0 5.840822471703491e-2
 1227.0 5.8345443864951746e-2
 1228.0 5.8282776904273324e-2
 1229.0 5.822022356483007e-2
 1230.0 5.815778357717862e-2
 1231.0 5.8095456672597474e-2
 1232.0 5.803324258308792e-2
 1233.0 5.797114104136941e-2
 1234.0 5.7909151780880096e-2
 1235.0 5.784727453577294e-2
 1236.0 5.778550904091634e-2
 1237.0 5.7723855031889724e-2
 1238.0 5.7662312244984484e-2
 1239.0 5.760088041719893e-2
 1240.0 5.753955928624095e-2
 1241.0 5.7478348590520686e-2
 1242.0 5.741724806915485e-2
 1243.0 5.7356257461958805e-2
 1244.0 5.7295376509450276e-2
 1245.0 5.723460495284359e-2
 1246.0 5.717394253404975e-2
 1247.0 5.7113388995675404e-2
 1248.0 5.7052944081017964e-2
 1249.0 5.699260753406763e-2
 1250.0 5.693237909950319e-2
 1251.0 5.6872258522690775e-2
 1252.0 5.681224554968306e-2
 1253.0 5.675233992721527e-2
 1254.0 5.6692541402706985e-2
 1255.0 5.663284972425534e-2
 1256.0 5.657326464063899e-2
 1257.0 5.651378590131185e-2
 1258.0 5.645441325640321e-2
 1259.0 5.6395146456717025e-2
 1260.0 5.633598525372655e-2
 1261.0 5.6276929399577645e-2
 1262.0 5.621797864708212e-2
 1263.0 5.6159132749720175e-2
 1264.0 5.610039146163473e-2
 1265.0 5.60417545376333e-2
 1266.0 5.598322173318383e-2
 1267.0 5.592479280441364e-2
 1268.0 5.586646750810848e-2
 1269.0 5.580824560170859e-2
 1270.0 5.575012684331116e-2
 1271.0 5.5692110991663e-2
 1272.0 5.563419780616353e-2
 1273.0 5.557638704686098e-2
 1274.0 5.551867847444986e-2
 1275.0 5.546107185027262e-2
 1276.0 5.540356693631284e-2
 1277.0 5.5346163495198775e-2
 1278.0 5.528886129019799e-2
 1279.0 5.5231660085216724e-2
 1280.0 5.5174559644799e-2
 1281.0 5.511755973412309e-2
 1282.0 5.506066011900277e-2
 1283.0 5.5003860565881656e-2
 1284.0 5.4947160841835915e-2
 1285.0 5.4890560714568055e-2
 1286.0 5.483405995240936e-2
 1287.0 5.4777658324315213e-2
 1288.0 5.472135559986483e-2
 1289.0 5.466515154925947e-2
 1290.0 5.4609045943320424e-2
 1291.0 5.455303855348739e-2
 1292.0 5.449712915181656e-2
 1293.0 5.4441317510980025e-2
 1294.0 5.4385603404262746e-2
 1295.0 5.432998660556236e-2
 1296.0 5.427446688938498e-2
 1297.0 5.4219044030846694e-2
 1298.0 5.4163717805669635e-2
 1299.0 5.410848799018192e-2
 1300.0 5.4053354361314025e-2
 1301.0 5.399831669659935e-2
 1302.0 5.394337477417036e-2
 1303.0 5.3888528372759766e-2
 1304.0 5.3833777271695096e-2
 1305.0 5.3779121250901236e-2
 1306.0 5.372456009089504e-2
 1307.0 5.367009357278667e-2
 1308.0 5.361572147827557e-2
 1309.0 5.356144358965095e-2
 1310.0 5.350725968978823e-2
 1311.0 5.345316956214962e-2
 1312.0 5.339917299077984e-2
 1313.0 5.334526976030671e-2
 1314.0 5.32914596559383e-2
 1315.0 5.3237742463462606e-2
 1316.0 5.318411796924369e-2
 1317.0 5.313058596022331e-2
 1318.0 5.3077146223915427e-2
 1319.0 5.302379854840873e-2
 1320.0 5.297054272236116e-2
 1321.0 5.291737853500218e-2
 1322.0 5.286430577612643e-2
 1323.0 5.2811324236097634e-2
 1324.0 5.2758433705843065e-2
 1325.0 5.270563397685307e-2
 1326.0 5.2652924841179255e-2
 1327.0 5.2600306091434526e-2
 1328.0 5.254777752078961e-2
 1329.0 5.2495338922971015e-2
 1330.0 5.244299009226259e-2
 1331.0 5.239073082350119e-2
 1332.0 5.23385609120753e-2
 1333.0 5.2286480153924765e-2
 1334.0 5.223448834553862e-2
 1335.0 5.218258528395305e-2
 1336.0 5.213077076675095e-2
 1337.0 5.207904459205928e-2
 1338.0 5.202740655854797e-2
 1339.0 5.197585646542881e-2
 1340.0 5.1924394112453566e-2
 1341.0 5.1873019299911824e-2
 1342.0 5.182173182863052e-2
 1343.0 5.177053149997258e-2
 1344.0 5.1719418115833304e-2
 1345.0 5.166839147864233e-2
 1346.0 5.161745139135848e-2
 1347.0 5.156659765747071e-2
 1348.0 5.151583008099599e-2
 1349.0 5.146514846647754e-2
 1350.0 5.141455261898291e-2
 1351.0 5.136404234410422e-2
 1352.0 5.131361744795493e-2
 1353.0 5.126327773716798e-2
 1354.0 5.1213023018896714e-2
 1355.0 5.1162853100812034e-2
 1356.0 5.111276779109978e-2
 1357.0 5.10627668984606e-2
 1358.0 5.1012850232109205e-2
 1359.0 5.0963017601770584e-2
 1360.0 5.091326881768116e-2
 1361.0 5.086360369058523e-2
 1362.0 5.0814022031734435e-2
 1363.0 5.076452365288689e-2
 1364.0 5.0715108366304655e-2
 1365.0 5.066577598475281e-2
 1366.0 5.061652632149734e-2
 1367.0 5.056735919030618e-2
 1368.0 5.051827440544344e-2
 1369.0 5.046927178167235e-2
 1370.0 5.0420351134250786e-2
 1371.0 5.037151227893257e-2
 1372.0 5.032275503196265e-2
 1373.0 5.0274079210078614e-2
 1374.0 5.022548463050796e-2
 1375.0 5.017697111096704e-2
 1376.0 5.012853846965979e-2
 1377.0 5.00801865252752e-2
 1378.0 5.0031915096988136e-2
 1379.0 4.998372400445594e-2
 1380.0 4.993561306781721e-2
 1381.0 4.988758210769214e-2
 1382.0 4.9839630945179424e-2
 1383.0 4.9791759401855255e-2
 1384.0 4.974396729977222e-2
 1385.0 4.9696254461458145e-2
 1386.0 4.964862070991305e-2
 1387.0 4.9601065868611814e-2
 1388.0 4.9553589761497874e-2
 1389.0 4.9506192212984655e-2
 1390.0 4.9458873047954086e-2
 1391.0 4.9411632091754885e-2
 1392.0 4.936446917020075e-2
 1393.0 4.931738410957008e-2
 1394.0 4.9270376736603415e-2
 1395.0 4.922344687850354e-2
 1396.0 4.917659436293253e-2
 1397.0 4.912981901801097e-2
 1398.0 4.908312067231871e-2
 1399.0 4.903649915488991e-2
 1400.0 4.89899542952136e-2
 1401.0 4.8943485923233915e-2
 1402.0 4.8897093869345466e-2
 1403.0 4.885077796439419e-2
 1404.0 4.880453803967662e-2
 1405.0 4.8758373926936056e-2
 1406.0 4.8712285458363994e-2
 1407.0 4.866627246659683e-2
 1408.0 4.8620334784716085e-2
 1409.0 4.857447224624538e-2
 1410.0 4.852868468515162e-2
 1411.0 4.848297193584099e-2
 1412.0 4.8437333833159436e-2
 1413.0 4.8391770212391175e-2
 1414.0 4.834628090925704e-2
 1415.0 4.830086575991284e-2
 1416.0 4.82555246009493e-2
 1417.0 4.8210257269390024e-2
 1418.0 4.816506360268966e-2
 1419.0 4.811994343873441e-2
 1420.0 4.80748966158385e-2
 1421.0 4.80299229727456e-2
 1422.0 4.7985022348624125e-2
 1423.0 4.794019458307005e-2
 1424.0 4.789543951610243e-2
 1425.0 4.7850756988163316e-2
 1426.0 4.780614684011699e-2
 1427.0 4.776160891324865e-2
 1428.0 4.771714304926158e-2
 1429.0 4.767274909027839e-2
 1430.0 4.7628426878838476e-2
 1431.0 4.7584176257896356e-2
 1432.0 4.7539997070821495e-2
 1433.0 4.749588916139733e-2
 1434.0 4.745185237381739e-2
 1435.0 4.740788655268833e-2
 1436.0 4.736399154302559e-2
 1437.0 4.732016719025291e-2
 1438.0 4.7276413340201516e-2
 1439.0 4.7232729839109235e-2
 1440.0 4.7189116533618236e-2
 1441.0 4.714557327077523e-2
 1442.0 4.710209989802894e-2
 1443.0 4.705869626322955e-2
 1444.0 4.7015362214628154e-2
 1445.0 4.6972097600874195e-2
 1446.0 4.6928902271015455e-2
 1447.0 4.688577607449715e-2
 1448.0 4.6842718861158705e-2
 1449.0 4.6799730481235355e-2
 1450.0 4.675681078535529e-2
 1451.0 4.6713959624538594e-2
 1452.0 4.667117685019701e-2
 1453.0 4.662846231413171e-2
 1454.0 4.658581586853284e-2
 1455.0 4.6543237365978415e-2
 1456.0 4.6500726659432834e-2
 1457.0 4.645828360224532e-2
 1458.0 4.641590804815159e-2
 1459.0 4.637359985126671e-2
 1460.0 4.633135886609224e-2
 1461.0 4.6289184947506924e-2
 1462.0 4.6247077950772056e-2
 1463.0 4.6205037731525636e-2
 1464.0 4.6163064145785304e-2
 1465.0 4.61211570499431e-2
 1466.0 4.607931630076847e-2
 1467.0 4.603754175540389e-2
 1468.0 4.599583327136532e-2
 1469.0 4.595419070654207e-2
 1470.0 4.5912613919192526e-2
 1471.0 4.587110276794639e-2
 1472.0 4.582965711180302e-2
 1473.0 4.578827681012774e-2
 1474.0 4.574696172265335e-2
 1475.0 4.5705711709479985e-2
 1476.0 4.566452663106995e-2
 1477.0 4.5623406348250795e-2
 1478.0 4.558235072221226e-2
 1479.0 4.554135961450485e-2
 1480.0 4.550043288704067e-2
 1481.0 4.54595704020906e-2
 1482.0 4.541877202228319e-2
 1483.0 4.5378037610606756e-2
 1484.0 4.533736703040157e-2
 1485.0 4.529676014536814e-2
 1486.0 4.525621681955707e-2
 1487.0 4.5215736917374405e-2
 1488.0 4.51753203035775e-2
 1489.0 4.513496684327498e-2
 1490.0 4.509467640192581e-2
 1491.0 4.5054448845337346e-2
 1492.0 4.501428403966552e-2
 1493.0 4.497418185141338e-2
 1494.0 4.493414214742971e-2
 1495.0 4.489416479490825e-2
 1496.0 4.485424966138731e-2
 1497.0 4.48143966147473e-2
 1498.0 4.477460552321155e-2
 1499.0 4.473487625534383e-2
 1500.0 4.469520868004807e-2
 1501.0 4.465560266656757e-2
 1502.0 4.4616058084483316e-2
 1503.0 4.457657480371297e-2
 1504.0 4.453715269451193e-2
 1505.0 4.449779162746833e-2
 1506.0 4.445849147350701e-2
 1507.0 4.441925210388276e-2
 1508.0 4.4380073390186514e-2
 1509.0 4.434095520433702e-2
 1510.0 4.430189741858512e-2
 1511.0 4.426289990551039e-2
 1512.0 4.422396253802129e-2
 1513.0 4.4185085189352616e-2
 1514.0 4.4146267733066805e-2
 1515.0 4.410751004305076e-2
 1516.0 4.406881199351702e-2
 1517.0 4.403017345900063e-2
 1518.0 4.399159431436031e-2
 1519.0 4.395307443477544e-2
 1520.0 4.3914613695747395e-2
 1521.0 4.387621197309628e-2
 1522.0 4.383786914296206e-2
 1523.0 4.379958508180218e-2
 1524.0 4.376135966639094e-2
 1525.0 4.372319277382028e-2
 1526.0 4.368508428149496e-2
 1527.0 4.36470340671363e-2
 1528.0 4.3609042008777806e-2
 1529.0 4.357110798476614e-2
 1530.0 4.3533231873758946e-2
 1531.0 4.349541355472481e-2
 1532.0 4.3457652906942625e-2
 1533.0 4.341994980999961e-2
 1534.0 4.338230414379099e-2
 1535.0 4.334471578851967e-2
 1536.0 4.330718462469396e-2
 1537.0 4.326971053312792e-2
 1538.0 4.323229339494037e-2
 1539.0 4.3194933091553596e-2
 1540.0 4.3157629504691604e-2
 1541.0 4.312038251638181e-2
 1542.0 4.308319200895126e-2
 1543.0 4.304605786502738e-2
 1544.0 4.30089799675375e-2
 1545.0 4.297195819970638e-2
 1546.0 4.2934992445056386e-2
 1547.0 4.289808258740749e-2
 1548.0 4.286122851087359e-2
 1549.0 4.282443009986522e-2
 1550.0 4.2787687239085985e-2
 1551.0 4.2750999813533204e-2
 1552.0 4.2714367708495564e-2
 1553.0 4.267779080955449e-2
 1554.0 4.264126900258135e-2
 1555.0 4.260480217373775e-2
 1556.0 4.256839020947325e-2
 1557.0 4.253203299652695e-2
 1558.0 4.2495730421923984e-2
 1559.0 4.245948237297755e-2
 1560.0 4.2423288737283696e-2
 1561.0 4.238714940272696e-2
 1562.0 4.235106425747295e-2
 1563.0 4.2315033189971235e-2
 1564.0 4.2279056088955054e-2
 1565.0 4.2243132843437066e-2
 1566.0 4.2207263342711666e-2
 1567.0 4.2171447476354124e-2
 1568.0 4.213568513421728e-2
 1569.0 4.209997620643246e-2
 1570.0 4.206432058340997e-2
 1571.0 4.202871815583476e-2
 1572.0 4.199316881466899e-2
 1573.0 4.195767245115002e-2
 1574.0 4.19222289567882e-2
 1575.0 4.188683822336941e-2
 1576.0 4.185150014294997e-2
 1577.0 4.181621460786053e-2
 1578.0 4.178098151070091e-2
 1579.0 4.174580074434204e-2
 1580.0 4.1710672201925064e-2
 1581.0 4.1675595776859045e-2
 1582.0 4.164057136282121e-2
 1583.0 4.1605598853757024e-2
 1584.0 4.157067814387695e-2
 1585.0 4.153580912765877e-2
 1586.0 4.1500991699843365e-2
 1587.0 4.146622575543835e-2
 1588.0 4.143151118971181e-2
 1589.0 4.13968478981977e-2
 1590.0 4.136223577668866e-2
 1591.0 4.132767472124172e-2
 1592.0 4.129316462817152e-2
 1593.0 4.125870539405439e-2
 1594.0 4.1224296915724594e-2
 1595.0 4.118993909027524e-2
 1596.0 4.1155631815056014e-2
 1597.0 4.11213749876741e-2
 1598.0 4.1087168505992346e-2
 1599.0 4.105301226812908e-2
 1600.0 4.101890617245684e-2
 1601.0 4.09848501176017e-2
 1602.0 4.095084400244419e-2
 1603.0 4.091688772611441e-2
 1604.0 4.088298118799809e-2
 1605.0 4.08491242877275e-2
 1606.0 4.08153169251886e-2
 1607.0 4.078155900051423e-2
 1608.0 4.074785041408795e-2
 1609.0 4.071419106653961e-2
 1610.0 4.0680580858748365e-2
 1611.0 4.064701969183765e-2
 1612.0 4.061350746717884e-2
 1613.0 4.058004408638699e-2
 1614.0 4.054662945132283e-2
 1615.0 4.051326346409024e-2
 1616.0 4.0479946027036015e-2
 1617.0 4.0446677042750304e-2
 1618.0 4.041345641406329e-2
 1619.0 4.038028404404829e-2
 1620.0 4.034715983601719e-2
 1621.0 4.031408369352258e-2
 1622.0 4.028105552035494e-2
 1623.0 4.024807522054422e-2
 1624.0 4.021514269835789e-2
 1625.0 4.018225785829878e-2
 1626.0 4.014942060510779e-2
 1627.0 4.0116630843760596e-2
 1628.0 4.008388847946801e-2
 1629.0 4.0051193417674116e-2
 1630.0 4.0018545564058046e-2
 1631.0 3.9985944824531085e-2
 1632.0 3.995339110523663e-2
 1633.0 3.992088431254912e-2
 1634.0 3.9888424353075984e-2
 1635.0 3.985601113365229e-2
 1636.0 3.9823644561344115e-2
 1637.0 3.97913245434467e-2
 1638.0 3.975905098748265e-2
 1639.0 3.9726823801202835e-2
 1640.0 3.969464289258467e-2
 1641.0 3.9662508169833154e-2
 1642.0 3.963041954137674e-2
 1643.0 3.9598376915871064e-2
 1644.0 3.9566380202194835e-2
 1645.0 3.953442930945202e-2
 1646.0 3.95025241469672e-2
 1647.0 3.947066462429057e-2
 1648.0 3.9438850651191855e-2
 1649.0 3.9407082137662953e-2
 1650.0 3.937535899391654e-2
 1651.0 3.934368113038497e-2
 1652.0 3.9312048457719455e-2
 1653.0 3.928046088679102e-2
 1654.0 3.924891832868881e-2
 1655.0 3.921742069471833e-2
 1656.0 3.918596789640263e-2
 1657.0 3.915455984548161e-2
 1658.0 3.912319645390982e-2
 1659.0 3.909187763385756e-2
 1660.0 3.9060603297709655e-2
 1661.0 3.9029373358063654e-2
 1662.0 3.899818772773219e-2
 1663.0 3.8967046319738775e-2
 1664.0 3.893594904732015e-2
 1665.0 3.890489582392373e-2
 1666.0 3.887388656320842e-2
 1667.0 3.8842921179042714e-2
 1668.0 3.8811999585505574e-2
 1669.0 3.8781121696883795e-2
 1670.0 3.875028742767377e-2
 1671.0 3.871949669257946e-2
 1672.0 3.868874940651144e-2
 1673.0 3.865804548458865e-2
 1674.0 3.862738484213406e-2
 1675.0 3.8596767394677434e-2
 1676.0 3.8566193057953536e-2
 1677.0 3.85356617479011e-2
 1678.0 3.8505173380662366e-2
 1679.0 3.847472787258404e-2
 1680.0 3.844432514021399e-2
 1681.0 3.841396510030362e-2
 1682.0 3.838364766980406e-2
 1683.0 3.835337276586934e-2
 1684.0 3.832314030585265e-2
 1685.0 3.82929502073074e-2
 1686.0 3.82628023879861e-2
 1687.0 3.8232696765840256e-2
 1688.0 3.8202633259019264e-2
 1689.0 3.817261178587047e-2
 1690.0 3.814263226493743e-2
 1691.0 3.811269461496101e-2
 1692.0 3.808279875487806e-2
 1693.0 3.805294460381948e-2
 1694.0 3.8023132081113416e-2
 1695.0 3.7993361106279454e-2
 1696.0 3.7963631599033446e-2
 1697.0 3.7933943479282875e-2
 1698.0 3.790429666712838e-2
 1699.0 3.787469108286277e-2
 1700.0 3.784512664697021e-2
 1701.0 3.7815603280126044e-2
 1702.0 3.778612090319629e-2
 1703.0 3.7756679437237345e-2
 1704.0 3.7727278803492935e-2
 1705.0 3.769791892339943e-2
 1706.0 3.766859971857706e-2
 1707.0 3.763932111083815e-2
 1708.0 3.7610083022179684e-2
 1709.0 3.758088537478618e-2
 1710.0 3.755172809102877e-2
 1711.0 3.75226110934638e-2
 1712.0 3.7493534304833716e-2
 1713.0 3.746449764806479e-2
 1714.0 3.7435501046267944e-2
 1715.0 3.740654442273753e-2
 1716.0 3.73776277009519e-2
 1717.0 3.734875080457082e-2
 1718.0 3.731991365743704e-2
 1719.0 3.7291116183575695e-2
 1720.0 3.726235830719066e-2
 1721.0 3.723363995266951e-2
 1722.0 3.720496104457791e-2
 1723.0 3.71763215076615e-2
 1724.0 3.714772126684567e-2
 1725.0 3.711916024723435e-2
 1726.0 3.709063837410853e-2
 1727.0 3.7062155572928975e-2
 1728.0 3.7033711769331255e-2
 1729.0 3.7005306889129834e-2
 1730.0 3.697694085831323e-2
 1731.0 3.694861360304755e-2
 1732.0 3.692032504967262e-2
 1733.0 3.689207512470419e-2
 1734.0 3.6863863754831215e-2
 1735.0 3.6835690866917375e-2
 1736.0 3.680755638799878e-2
 1737.0 3.6779460245284896e-2
 1738.0 3.675140236615728e-2
 1739.0 3.672338267816921e-2
 1740.0 3.6695401109045726e-2
 1741.0 3.6667457586682134e-2
 1742.0 3.6639552039145144e-2
 1743.0 3.6611684394670274e-2
 1744.0 3.658385458166318e-2
 1745.0 3.655606252869852e-2
 1746.0 3.652830816451905e-2
 1747.0 3.650059141803681e-2
 1748.0 3.647291221832896e-2
 1749.0 3.644527049464303e-2
 1750.0 3.6417666176390535e-2
 1751.0 3.639009919315077e-2
 1752.0 3.636256947466817e-2
 1753.0 3.633507695085261e-2
 1754.0 3.6307621551779266e-2
 1755.0 3.628020320768658e-2
 1756.0 3.6252821848978066e-2
 1757.0 3.6225477406220626e-2
 1758.0 3.619816981014293e-2
 1759.0 3.617089899163845e-2
 1760.0 3.6143664881760566e-2
 1761.0 3.6116467411726194e-2
 1762.0 3.6089306512912166e-2
 1763.0 3.6062182116856654e-2
 1764.0 3.6035094155258476e-2
 1765.0 3.600804255997609e-2
 1766.0 3.598102726302741e-2
 1767.0 3.5954048196589324e-2
 1768.0 3.5927105292997884e-2
 1769.0 3.5900198484746494e-2
 1770.0 3.58733277044875e-2
 1771.0 3.5846492885028676e-2
 1772.0 3.581969395933687e-2
 1773.0 3.579293086053371e-2
 1774.0 3.576620352189824e-2
 1775.0 3.573951187686348e-2
 1776.0 3.571285585901878e-2
 1777.0 3.568623540210867e-2
 1778.0 3.56596504400303e-2
 1779.0 3.563310090683644e-2
 1780.0 3.560658673673246e-2
 1781.0 3.558010786407682e-2
 1782.0 3.555366422338101e-2
 1783.0 3.552725574930824e-2
 1784.0 3.550088237667425e-2
 1785.0 3.547454404044529e-2
 1786.0 3.5448240675739935e-2
 1787.0 3.5421972217825094e-2
 1788.0 3.539573860212056e-2
 1789.0 3.5369539764193623e-2
 1790.0 3.534337563976234e-2
 1791.0 3.53172461646932e-2
 1792.0 3.529115127500082e-2
 1793.0 3.5265090906848734e-2
 1794.0 3.523906499654791e-2
 1795.0 3.521307348055644e-2
 1796.0 3.518711629547908e-2
 1797.0 3.516119337806836e-2
 1798.0 3.5135304665221204e-2
 1799.0 3.510945009398156e-2
 1800.0 3.508362960153845e-2
 1801.0 3.5057843125225266e-2
 1802.0 3.50320906025207e-2
 1803.0 3.500637197104706e-2
 1804.0 3.4980687168570584e-2
 1805.0 3.495503613300153e-2
 1806.0 3.49294188023913e-2
 1807.0 3.490383511493658e-2
 1808.0 3.4878285008973296e-2
 1809.0 3.4852768422982024e-2
 1810.0 3.482728529558262e-2
 1811.0 3.480183556553685e-2
 1812.0 3.477641917174827e-2
 1813.0 3.475103605325768e-2
 1814.0 3.472568614924975e-2
 1815.0 3.4700369399045285e-2
 1816.0 3.467508574210595e-2
 1817.0 3.464983511803239e-2
 1818.0 3.4624617466562556e-2
 1819.0 3.459943272757346e-2
 1820.0 3.457428084107877e-2
 1821.0 3.454916174723071e-2
 1822.0 3.45240753863174e-2
 1823.0 3.449902169876364e-2
 1824.0 3.447400062513125e-2
 1825.0 3.444901210611635e-2
 1826.0 3.4424056082552314e-2
 1827.0 3.439913249540646e-2
 1828.0 3.437424128578062e-2
 1829.0 3.434938239491194e-2
 1830.0 3.4324555764171136e-2
 1831.0 3.429976133506166e-2
 1832.0 3.427499904922242e-2
 1833.0 3.425026884842242e-2
 1834.0 3.422557067456627e-2
 1835.0 3.420090446968793e-2
 1836.0 3.4176270175955176e-2
 1837.0 3.4151667735666545e-2
 1838.0 3.412709709125202e-2
 1839.0 3.410255818527125e-2
 1840.0 3.407805096041669e-2
 1841.0 3.4053575359508106e-2
 1842.0 3.40291313254974e-2
 1843.0 3.400471880146433e-2
 1844.0 3.398033773061795e-2
 1845.0 3.3955988056296904e-2
 1846.0 3.393166972196708e-2
 1847.0 3.39073826712234e-2
 1848.0 3.388312684778718e-2
 1849.0 3.385890219550884e-2
 1850.0 3.383470865836375e-2
 1851.0 3.3810546180455946e-2
 1852.0 3.378641470601402e-2
 1853.0 3.376231417939406e-2
 1854.0 3.373824454507663e-2
 1855.0 3.371420574766793e-2
 1856.0 3.3690197731899935e-2
 1857.0 3.366622044262789e-2
 1858.0 3.364227382483296e-2
 1859.0 3.3618357823618016e-2
 1860.0 3.359447238421251e-2
 1861.0 3.3570617451966565e-2
 1862.0 3.354679297235479e-2
 1863.0 3.352299889097417e-2
 1864.0 3.349923515354343e-2
 1865.0 3.347550170590478e-2
 1866.0 3.3451798494019934e-2
 1867.0 3.3428125463974265e-2
 1868.0 3.340448256197243e-2
 1869.0 3.3380869734340755e-2
 1870.0 3.3357286927525744e-2
 1871.0 3.333373408809344e-2
 1872.0 3.331021116273115e-2
 1873.0 3.328671809824342e-2
 1874.0 3.3263254841556414e-2
 1875.0 3.32398213397128e-2
 1876.0 3.32164175398754e-2
 1877.0 3.3193043389324245e-2
 1878.0 3.316969883545791e-2
 1879.0 3.3146383825791846e-2
 1880.0 3.312309830795942e-2
 1881.0 3.309984222971077e-2
 1882.0 3.307661553891234e-2
 1883.0 3.305341818354667e-2
 1884.0 3.30302501117139e-2
 1885.0 3.300711127162781e-2
 1886.0 3.298400161161865e-2
 1887.0 3.296092108013186e-2
 1888.0 3.293786962572762e-2
 1889.0 3.29148471970798e-2
 1890.0 3.289185374297723e-2
 1891.0 3.286888921232357e-2
 1892.0 3.284595355413324e-2
 1893.0 3.282304671753724e-2
 1894.0 3.2800168651777074e-2
 1895.0 3.2777319306208426e-2
 1896.0 3.275449863029883e-2
 1897.0 3.27317065736277e-2
 1898.0 3.270894308588657e-2
 1899.0 3.268620811687848e-2
 1900.0 3.266350161651786e-2
 1901.0 3.26408235348297e-2
 1902.0 3.261817382194969e-2
 1903.0 3.2595552428124196e-2
 1904.0 3.257295930370921e-2
 1905.0 3.255039439917078e-2
 1906.0 3.2527857665084446e-2
 1907.0 3.250534905213481e-2
 1908.0 3.2482868511115565e-2
 1909.0 3.246041599292883e-2
 1910.0 3.243799144858496e-2
 1911.0 3.241559482920283e-2
 1912.0 3.239322608600838e-2
 1913.0 3.237088517033671e-2
 1914.0 3.234857203362699e-2
 1915.0 3.232628662742903e-2
 1916.0 3.2304028903396315e-2
 1917.0 3.2281798813290505e-2
 1918.0 3.22595963089782e-2
 1919.0 3.223742134243328e-2
 1920.0 3.221527386573361e-2
 1921.0 3.2193153831062714e-2
 1922.0 3.2171061190710074e-2
 1923.0 3.214899589706884e-2
 1924.0 3.212695790263661e-2
 1925.0 3.210494716001634e-2
 1926.0 3.208296362191323e-2
 1927.0 3.206100724113758e-2
 1928.0 3.203907797060219e-2
 1929.0 3.201717576332298e-2
 1930.0 3.19953005724192e-2
 1931.0 3.197345235111246e-2
 1932.0 3.1951631052725755e-2
 1933.0 3.1929836630686395e-2
 1934.0 3.190806903852081e-2
 1935.0 3.1886328229858166e-2
 1936.0 3.186461415842993e-2
 1937.0 3.184292677806572e-2
 1938.0 3.182126604269938e-2
 1939.0 3.179963190636215e-2
 1940.0 3.177802432318692e-2
 1941.0 3.1756443247406785e-2
 1942.0 3.1734888633353574e-2
 1943.0 3.171336043545961e-2
 1944.0 3.16918586082547e-2
 1945.0 3.167038310636996e-2
 1946.0 3.164893388453247e-2
 1947.0 3.162751089757036e-2
 1948.0 3.160611410040739e-2
 1949.0 3.158474344806771e-2
 1950.0 3.156339889567012e-2
 1951.0 3.154208039843397e-2
 1952.0 3.152078791167351e-2
 1953.0 3.149952139080131e-2
 1954.0 3.147828079132481e-2
 1955.0 3.1457066068849265e-2
 1956.0 3.1435877179076595e-2
 1957.0 3.141471407780219e-2
 1958.0 3.1393576720919816e-2
 1959.0 3.137246506441667e-2
 1960.0 3.135137906437647e-2
 1961.0 3.133031867697629e-2
 1962.0 3.130928385848972e-2
 1963.0 3.1288274565283e-2
 1964.0 3.1267290753818115e-2
 1965.0 3.124633238064959e-2
 1966.0 3.1225399402426777e-2
 1967.0 3.1204491775891352e-2
 1968.0 3.118360945787952e-2
 1969.0 3.116275240531914e-2
 1970.0 3.11419205752321e-2
 1971.0 3.112111392473098e-2
 1972.0 3.1100332411023317e-2
 1973.0 3.107957599140561e-2
 1974.0 3.1058844623268522e-2
 1975.0 3.103813826409305e-2
 1976.0 3.1017456871451854e-2
 1977.0 3.099680040300881e-2
 1978.0 3.0976168816518254e-2
 1979.0 3.0955562069825956e-2
 1980.0 3.0934980120866394e-2
 1981.0 3.0914422927666413e-2
 1982.0 3.089389044834104e-2
 1983.0 3.0873382641096198e-2
 1984.0 3.085289946422583e-2
 1985.0 3.0832440876115193e-2
 1986.0 3.081200683523612e-2
 1987.0 3.0791597300151765e-2
 1988.0 3.0771212229511402e-2
 1989.0 3.07508515820545e-2
 1990.0 3.073051531660792e-2
 1991.0 3.071020339208613e-2
 1992.0 3.0689915767491936e-2
 1993.0 3.066965240191498e-2
 1994.0 3.064941325453202e-2
 1995.0 3.062919828460795e-2
 1996.0 3.0609007451493014e-2
 1997.0 3.058884071462519e-2
 1998.0 3.0568698033527488e-2
 1999.0 3.0548579367810445e-2
 2000.0 3.052848467716956e-2
